-2.0577493340698356,0.8922617704335377,-1.942888785047027,0.029630338164996134,-0.990131589315523,-2.404247603558008,-1.248120468380328,-2.550622030150441,2.613014715586126,0.9816881487393136,2.2305959588959823,0.7584299826588596,-0.50895487172176,2.5436979498193977,-0.23107444709436006,2.990990197291823,-1.031814881633167,-0.5883252974608246,-0.5261959345422815,1.387023578893852,2.4224000533809957,-1.68695619180755,2.9863384594863858,-2.3546828801700412,1.461143227054766,0.7488770837773328,1.4213210504620957,0.05678872761099943,1.467180244830947,-2.3874844222322826,1.6979193426528054,1.2369736799764617,0.7859411105125065,0.9332285916492916,-2.2166644097004315,-1.167250297943858,-0.21025117818944902,2.3486989923537083,-2.019387832968381,0.9002848185143988,2.8356265940983403,-0.2692032953926544,-0.360590173332768,-0.5476460380392032,-1.1120135473544952,0.6731971508517768,-0.8162460989406898,-0.13030470393231966
numHidden 	5
numGenes 	48
minGene 	-3.0
maxGene 	3.0
popSize 	40
maxEvaluations 	20000
mutateRate 	0.04
mutateChange 	0.1
seed 	1583946476691
random 	java.util.Random@12a392e9
neuralNetworkClass 	class coursework.ExampleEvolutionaryAlgorithm
Training Set Training
Fitness 0.09414777897484605