-1.2773275695306396,0.9894022297411783,2.578644424382214,0.4007958003925002,-0.6725090583305782,0.7791201994935869,2.679700019069281,-2.778709717773886,-1.891385836119751,2.366348892192006,2.897977608678932,-0.01532246792391892,-2.9809974151415224,0.23471803080778814,0.3556038681273652,0.42030427479686416,3.1612764899724324,0.2551172636595821,-2.7597293710946107,1.7636270422226814,1.7637471776526596,-0.4683237157978102,0.5284630569005866,0.2639365425560961,-0.906563456115447,1.4201502933521462,-2.955091107009912,-2.778335373191725,-1.850710284218047,-1.4999314954557241,1.9760171084467273,0.928508603539211,-1.3805245897563787,-2.9950472390322362,1.1271646652228564,0.8605433029840178,-1.8501870948025037,-1.595801438808984,1.6614154643122525,-1.5104573543701736,2.740402665486542,-2.4514784431914016,2.1381166095243778,-0.9320328203765085,0.3621469619569977,0.5248536810620706,2.338177456853088,1.720807992364922
numHidden 	5
numGenes 	48
minGene 	-3.0
maxGene 	3.0
popSize 	200
maxEvaluations 	20000
mutateRate 	0.04
mutateChange 	0.1
seed 	1583946024620
random 	java.util.Random@5e265ba4
neuralNetworkClass 	class coursework.ExampleEvolutionaryAlgorithm
Training Set Training
Fitness 0.12622678991819433