0.4697663773055544,0.260799577384066,0.4143491103871626,-2.689771327964012,-1.1239256571647773,2.6981006471050173,1.8998796752506064,1.5345389123633075,0.44873697181307703,1.4632975940393953,1.486093077630219,-0.5660195783829304,1.521418532796201,-0.13317736011279957,-1.3406160898069137,2.2589967836054012,-1.8697043397895372,0.30591941432630154,0.7868622840207679,-2.4456178194356117,0.38075815689645864,-0.17459462364389822,-2.5872175654289076,2.8642454645996787,-0.2406320171565838,0.7746132810851584,-2.5663862927944687,-0.17265070420607947,0.6907002583382138,-1.9034233881730267,1.2913288365733258,-3.127708198643497,1.763493281626784,-0.21022233574745197,-1.6746946272337946,0.5747887436917418,0.6506556239001032,0.8961880507097713,1.7884269361217258,2.04570996241636,2.288927355019068,1.0706341371692236,0.9494031936591746,3.066750029686977,1.7454977232772433,2.9074265171255376,1.9865255536835438,-0.37493980885289957
numHidden 	5
numGenes 	48
minGene 	-3.0
maxGene 	3.0
popSize 	40
maxEvaluations 	20000
mutateRate 	0.04
mutateChange 	0.1
seed 	1583946476691
random 	java.util.Random@12a392e9
neuralNetworkClass 	class coursework.ExampleEvolutionaryAlgorithm
Training Set Training
Fitness 0.10376522544883911