-0.5790298971478065,2.3545280140329017,0.022289285473368864,-2.678866708939022,2.983499833217576,1.3771431354154617,-0.1234840969637972,2.6844607559439955,1.6894194845401058,-3.5939672357290564,-1.8555694310769502,1.9339587393166258,-1.01346810335022,-1.8167415525292525,3.14392590807466,0.9429270757144014,0.020363231285574906,1.6300200353774703,-1.4285647581759522,-2.266678181685486,1.6602694449540745,0.5254938732066913,-1.9256877268783514,2.037708650058987,0.17311428430083717,1.287569170803794,-1.9135414268250877,-0.8467807569095431,-1.7558065390581665,2.3282883941192987,-0.17276772738652382,2.44706388451081,0.1483089856711195,1.882993688301875,-2.1520599917208254,1.608736434781004,-1.009362498218787,-0.5275823607101863,1.9751856356044462,-1.1080293121600908,-0.40448822351403857,0.38844189606260404,2.8426630063047815,-0.7207478973818519,0.15912580755952854,0.35368383744460785,2.749498105824951,2.008835040879177
numHidden 	5
numGenes 	48
minGene 	-3.0
maxGene 	3.0
popSize 	40
maxEvaluations 	20000
mutateRate 	0.04
mutateChange 	0.1
seed 	1583945565264
random 	java.util.Random@5eef111b
neuralNetworkClass 	class coursework.ExampleEvolutionaryAlgorithm
Training Set Training
Fitness 0.10615436962496087