-1.9479246979724953,-1.916272663918392,-2.0968257506704497,-2.246658462006829,-2.3455753611927017,-2.875199966060109,-0.32287924480535113,1.8875018856868735,-3.3605852637859766,2.3894287539441303,0.8873526569386991,-0.1405487991156937,-3.492329088638462,-2.3189388182215915,-1.3969372498152999,-0.9369369126105166,-3.274922142700816,1.1662676997894714,0.4183878242080554,1.6784483695988666,-0.15506174848757767,-0.44578240135411495,1.2833923753739969,-0.9326968130505607,-0.9621591292976804,-0.8810675702688741,-0.2666215368984409,-0.18960610813149256,2.1119392026673744,-0.5331576348532,0.050593634305076685,-1.6167427075832637,-2.3750774565315416,-2.1813245188284487,-2.429707723552295,-0.9043719567457316,-3.210869632118363,2.4719934898765334,-0.6742015003943989,0.18722727647245416,-1.4851703584617735,-1.1734279104207825,0.525690843353666,3.372635759199477,-0.16699861180597617,-0.23814875246295053,0.4618052960714345,-0.8820486445123381
numHidden 	5
numGenes 	48
minGene 	-3.0
maxGene 	3.0
popSize 	40
maxEvaluations 	20000
mutateRate 	0.04
mutateChange 	0.1
seed 	1583941883764
random 	java.util.Random@7bdb2032
neuralNetworkClass 	class coursework.ExampleEvolutionaryAlgorithm
Training Set Training
Fitness 0.020667704545949604