-1.4203683183945157,-2.304088269363207,-3.087447395194578,-2.247289003807298,2.200006409199551,-1.9360353027413684,2.085395829730362,-0.8146808568457515,0.4208628294656175,-2.6704929526521166,-0.0392829515668979,-0.36854475885789595,-0.4700400828657435,1.0509001475792656,-0.8350332992785339,-2.8085752569900557,2.0285122952424905,-1.5421735690655805,2.990306488853555,1.5097672865765155,0.010097996313202767,-2.6313424119405875,-1.0950034774042132,-1.714629769886654,1.236521271490449,0.18607041431106294,1.4952765407616284,-0.3916169933607717,0.7401541164397589,0.46518635599970704,-1.018646524209719,2.4922320875046893,-3.032163513846091,-3.9690698129063455,-2.4955924152416835,0.6702049861209103,-2.595545219821095,-1.2587720420833843,2.373325999435357,-1.9352519351481687,-3.325129221694919,1.3500835719008824,3.2891682635856587,1.013790123535844,-2.2790863289033707,2.2297533619286614,0.9753753894316882,0.7379318963238303
numHidden 	5
numGenes 	48
minGene 	-3.0
maxGene 	3.0
popSize 	40
maxEvaluations 	20000
mutateRate 	0.08
mutateChange 	0.1
seed 	1583953069559
random 	java.util.Random@3aa2ac36
neuralNetworkClass 	class coursework.ExampleEvolutionaryAlgorithm
Training Set Training
Fitness 0.05187109255486982