-2.5981293998861443,-1.8490296796568715,2.6975786322869646,-0.356753429094146,1.0948962510180458,-0.9715902730431523,0.44366379301549175,-1.6274249842544593,-1.4691113884592824,1.0505640644638798,-1.148994807244228,-1.1643889571696586,-0.05094298257818902,0.23503807175633948,2.784725249323528,-1.7036658568530132,2.932274473949717,-2.6551704006625485,-2.203251236446112,1.441032377966105,1.0413071507307898,-1.964276455571285,2.45435517382258,-0.9041043337404638,-0.5732138687982332,-2.514889840759573,-2.933391833417892,1.18713727149503,-0.2233283177973647,-2.4901172879107416,2.1060626603359407,-0.7856184444621794,-0.3793657114289877,3.166614317934425,-0.794429487167203,2.1623560018705454,2.813947103877867,1.2502622826232075,-0.5700723188802987,-2.3322795815229544,3.5621574701792236,-1.2318063606492946,-1.6204688064261552,1.287163533299898,1.4239757502191028,2.96437395503539,2.478129598804069,2.7796948358160583
numHidden 	5
numGenes 	48
minGene 	-3.0
maxGene 	3.0
popSize 	40
maxEvaluations 	20000
mutateRate 	0.12
mutateChange 	0.1
seed 	1583955308257
random 	java.util.Random@343d1a6e
neuralNetworkClass 	class coursework.ExampleEvolutionaryAlgorithm
Training Set Training
Fitness 0.12642179145485877