1.3644550573915541,2.986868823215589,2.1279601559932018,-1.272720822066759,0.21431138011547143,-2.2218973278942946,-0.40200284182726786,-0.2515888161353489,-2.5036527509135604,2.178140160047569,-0.04290719863881329,0.4440335279276756,3.919991498928511,0.7138879956939225,1.954665181673482,-1.1296409546576838,2.846718971569997,-0.4366733378324389,-3.2442578751161757,2.5947483572848533,1.6140598205360432,-0.33645434026260274,-0.9200532061871926,-0.1843862182810184,2.1030582335516024,-0.18551532375861787,0.6964267789290659,1.6742622456724447,1.2256345999242546,2.9246569167452923,1.4025477222076068,-2.401489670757298,-2.1170860684068398,1.1791176636424403,2.1825306543122904,0.3956360315462868,2.742564390958305,2.175940298187392,0.927979829371807,1.59025823119152,1.8246581401932964,-2.381699348530439,-2.854773656578617,2.0620901650812162,-0.7821664340617289,1.0684434869458932,3.0593689562717974,0.13814238565798848
numHidden 	5
numGenes 	48
minGene 	-3.0
maxGene 	3.0
popSize 	40
maxEvaluations 	20000
mutateRate 	0.08
mutateChange 	0.1
seed 	1583954905364
random 	java.util.Random@57767ebe
neuralNetworkClass 	class coursework.ExampleEvolutionaryAlgorithm
Training Set Training
Fitness 0.10592747921186921