-0.056741018047612946,0.5509951215081512,0.616623345572409,2.5280884815903093,0.616364620316132,1.797255435085121,-2.7264585618050132,2.68841365247942,1.0706346871054788,2.988214904487029,-0.5655876771185294,-1.1008888839163584,-0.8790233223685932,0.2281182129909581,0.6351197988096208,-1.391004271594312,-3.9411172130371472,2.008532247147889,-2.828034457305172,-0.6826453357699779,1.7390135266652202,0.5838765754707135,1.8778867119322147,-2.4235259575030135,1.764021281256694,-1.0547186851642183,0.13758397963768118,-2.660176817160224,3.2228369485978976,-1.0205545252143229,1.1722719192369815,0.5463684357935922,0.6096858955671318,0.5710648373712777,1.5332534246655993,-2.079751166999271,-2.1126534908376504,2.311460774450233,1.624665737169535,2.516225139415018,1.5312106363193068,0.8459691209343225,-2.682452837229206,-0.2700222394227181,-0.8987453585059479,0.2000639166103738,1.5966638821064958,0.11850964040554376
numHidden 	5
numGenes 	48
minGene 	-3.0
maxGene 	3.0
popSize 	40
maxEvaluations 	20000
mutateRate 	0.04
mutateChange 	0.1
seed 	1583946476691
random 	java.util.Random@12a392e9
neuralNetworkClass 	class coursework.ExampleEvolutionaryAlgorithm
Training Set Training
Fitness 0.11371946646819599