-0.889250754104491,2.0248613405520715,0.22684887458748568,-2.2315041893323295,3.154020280262148,-0.2617879384078817,0.037195805422296085,1.346526093753086,2.100028759045986,1.2212699329803236,0.8936420121422108,0.8373418993047954,1.536177866539734,-0.1059156673131319,0.507539313680664,1.8449843779651047,-3.44913619297468,2.6264110634752114,1.7672344201421462,-1.1685357879142944,1.594423763707892,-2.1104172718350305,-0.10071132210240608,-0.20804404777116245,-1.304200713979603,2.7903502111036684,1.1793034033677192,-2.0701738575132955,2.239005797803834,-2.715174936758453,-2.885004469817016,1.7778718367632962,-0.3125212263349788,0.38901687613389724,0.751901620710563,-0.07574854879466619,-1.6841410422377456,-2.491685176822051,2.2673225496316065,1.801203078091247,1.2503066326585026,1.7349246342202442,-1.7031989901832465,1.2247136843868551,-0.5305591889624401,2.094880579110893,-0.0798925758651916,0.30421160623531296
numHidden 	5
numGenes 	48
minGene 	-3.0
maxGene 	3.0
popSize 	40
maxEvaluations 	20000
mutateRate 	0.08
mutateChange 	0.1
seed 	1583953069559
random 	java.util.Random@3aa2ac36
neuralNetworkClass 	class coursework.ExampleEvolutionaryAlgorithm
Training Set Training
Fitness 0.12931978671084113