-0.25870298220214255,-1.406539352723603,2.7251553319963495,0.7054624449318136,0.020423868096697523,1.9831599272473475,-2.387609927045682,2.8150487833384634,0.8876154610683991,0.40261528404768654,0.009517025881257662,0.06796471582167704,1.1630270098121724,2.3662764284731534,2.0901986412439113,3.8903815581069336,1.1613263346606435,0.544796304202381,-2.0553451920355044,-2.4699346581407817,-2.488960382830282,0.43600992002364747,0.15245274852706,1.6643833897315008,-2.295840080000785,1.3003928082491543,-2.1481097778789158,1.9015386995811845,-3.098745476407654,2.2938382363643064,-1.660491605018592,0.27506381150333525,2.004301140488174,0.15164536633950695,-1.4210068256597022,0.8909069204938984,2.3668647803594554,1.2326303171437556,-1.4167352002459583,-0.6783948764919667,-3.3096296302107238,-1.3873617494501165,-1.8525708078272904,-2.653004618364695,2.142545732937947,2.1671813722853375,1.1450479218935028,-1.4422810351657096
numHidden 	5
numGenes 	48
minGene 	-3.0
maxGene 	3.0
popSize 	40
maxEvaluations 	20000
mutateRate 	0.08
mutateChange 	0.1
seed 	1583954905364
random 	java.util.Random@57767ebe
neuralNetworkClass 	class coursework.ExampleEvolutionaryAlgorithm
Training Set Training
Fitness 0.11835823510055482