2.2559756228756385,2.897763186801832,0.7637205877149807,0.8116796701341511,-0.1751978313201942,-2.3825949114678395,1.125760178237087,1.6881492070904338,-0.8102519964234938,2.5646238382285436,1.9827908827075955,0.0035256007903055886,1.1227638456791313,-0.2144799236382852,-2.129859440875949,-1.2450398903586681,3.1017367773049855,2.7534060674297938,2.5819336486951494,-0.1493135474219013,1.3888905826460753,2.031278618625899,-1.8165439074140979,-1.410487726760541,1.402052842660174,-0.4774614591307349,-1.893359940277894,1.651967068252047,-0.35135207288244374,-1.410900340964079,2.231926412379126,-0.7109201571843489,-2.4565488815841277,-1.81093266108219,-2.1703131351820484,2.8365582076711484,1.3198055432942017,0.4651297107728789,2.1073177220318295,-1.677374528026255,2.570181119353813,-1.1844113906410279,-2.7710384492770865,0.9413187951517119,0.8520291786315728,-2.4406389933406816,0.9713955396901793,-0.5581660000528048
numHidden 	5
numGenes 	48
minGene 	-3.0
maxGene 	3.0
popSize 	40
maxEvaluations 	20000
mutateRate 	0.04
mutateChange 	0.1
seed 	1583943046841
random 	java.util.Random@38a70fab
neuralNetworkClass 	class coursework.ExampleEvolutionaryAlgorithm
Training Set Training
Fitness 0.04355548970993044