1.7739387398809776,2.150603179829005,0.541387561304901,-1.3722206474088918,2.8275101307424872,-0.8714438083047007,-2.4020943085667015,-2.1916478707235463,1.7015486869101082,1.8920882120674811,-2.0278102789976984,2.7224418461986466,1.4497978919478802,-2.116493026771339,1.7183722125558205,0.1095842862524945,0.5795300891490212,-2.2977217576760443,1.0271902238534283,2.726879632326995,1.6052436011428228,1.0970213864167997,2.3190286694411646,2.5344274427717863,-2.0723224848737147,-1.9616156651010295,-0.28603007241143075,1.6324024078085846,-1.8472477579969961,-0.2859947082600839,-0.47389809746959755,-3.0631530759117345,-2.7392276949291943,2.0753153059373304,-1.0576050257609444,0.07099844268761712,-0.41139397438045844,-1.8679905840439637,-1.9166494968904264,0.025362368651919986,0.18262098574377666,0.7160149843522692,-0.9782997420678332,-0.5998242754374656,1.452561713590363,1.8213978226044159,1.943230314528781,0.12699135360415398
numHidden 	5
numGenes 	48
minGene 	-3.0
maxGene 	3.0
popSize 	40
maxEvaluations 	20000
mutateRate 	0.04
mutateChange 	0.1
seed 	1583943046841
random 	java.util.Random@38a70fab
neuralNetworkClass 	class coursework.ExampleEvolutionaryAlgorithm
Training Set Training
Fitness 0.11654555376315401