-0.4077612776329601,-0.5833992330058327,-0.2256625505173058,-1.2499840363565806,3.7939001217604367,-2.787949890147325,-2.384791079256995,-1.6019199109091002,-2.069846866564943,-1.690482794893531,-0.44724040469150994,0.41827812889413774,-1.24729505567621,1.5253952269021682,0.68359801260485,-2.401194896302583,1.0350859216063406,-0.8894833051358713,1.2414382033443,-0.8975810912886144,-0.5699840282043885,3.456627548049716,1.9764701571746355,1.4128976649540026,1.2039419161122984,0.36342793848484856,-1.3560013842731768,-1.3157305829851498,-1.7406706976076642,-0.6288035122820675,-2.3271028265671725,1.293730129459664,-3.9154112942160757,0.04018681560592732,2.0824659598281996,-0.8059144239994124,1.3383150604915377,3.0716573979298225,0.651833580006381,-3.0060217834834275,-2.021188239743869,-1.1834327450484632,3.319086762037461,0.3640798940118438,-1.7083267075754625,-1.0933580422251865,0.9978607523849045,-1.425147690794176
numHidden 	5
numGenes 	48
minGene 	-3.0
maxGene 	3.0
popSize 	40
maxEvaluations 	20000
mutateRate 	0.08
mutateChange 	0.1
seed 	1583953069559
random 	java.util.Random@3aa2ac36
neuralNetworkClass 	class coursework.ExampleEvolutionaryAlgorithm
Training Set Training
Fitness 0.022677405987896065