-2.5108116926148707,-0.7407057575731083,-0.2775115232207521,0.8666883709000743,-0.8262758796023664,-0.4985029220693017,-2.8979988170066613,-2.608686714777718,2.4388697510683146,1.5265938925769227,0.6853868855733057,-0.944483533570745,0.8272851560516135,0.39714320998074515,-2.476523724675116,-2.8429524487909297,0.45482116894057967,0.44730552927909495,-2.056940182009051,2.619008106155477,-1.955531927803,1.6439083540247488,3.011585213686009,2.002049425478684,0.7105692373808287,3.171308770238542,2.076804755724322,-0.5265888749485432,1.1703054856395507,1.0838963567095088,1.7858273367084063,1.9609970932737886,-0.7317903780756541,1.6166204995420563,-3.051926099014,-0.4446806076163845,-0.7178051201680505,-0.023301479468047503,-2.8390979481727556,-1.4756961015449443,1.904819762998526,2.339608847765459,1.8569209672122793,-1.468088309424759,-0.6062286999100202,0.6112228331789568,1.7113139295690964,-2.722298036282075
numHidden 	5
numGenes 	48
minGene 	-3.0
maxGene 	3.0
popSize 	40
maxEvaluations 	20000
mutateRate 	0.04
mutateChange 	0.1
seed 	1583945743155
random 	java.util.Random@6ef74d1b
neuralNetworkClass 	class coursework.ExampleEvolutionaryAlgorithm
Training Set Training
Fitness 0.12944453638221987