-1.7324810101081773,-0.519536506144806,-3.5303839529602987,-2.3201102295730376,-2.0087057410174918,-2.3718122300292985,0.34165354006361537,-0.8892620598258334,0.8426067145697643,0.3489277843317792,-3.0950998401901724,0.7625722439158829,0.19723687560098427,1.1049780012891763,-0.9997354330755889,-2.7021513778910986,-0.6824537863055252,0.23867146776300227,-0.03902319249169883,-2.982001200103647,-0.9808472312667923,1.2179416822350237,-0.1299621933909265,0.2727576743665163,1.283817839096213,1.2994293305890183,-1.7332216077112477,1.2611561492219492,0.5297764436494578,0.6890004254641908,2.951604157490093,1.5045998018548037,-1.9068318179501489,1.1766640775042974,-1.0333964060234657,-2.808513622461883,-0.643364321264392,1.9771762285242964,1.930863091948897,2.515856972343113,-0.01891443156913228,1.3994146527673244,-1.4519949122277496,-0.10687268560920643,-2.045971189322209,2.7969031411234617,1.1796402114171425,-1.8660102945880512
numHidden 	5
numGenes 	48
minGene 	-3.0
maxGene 	3.0
popSize 	40
maxEvaluations 	20000
mutateRate 	0.04
mutateChange 	0.1
seed 	1583946100893
random 	java.util.Random@202fdb8
neuralNetworkClass 	class coursework.ExampleEvolutionaryAlgorithm
Training Set Training
Fitness 0.14822195835046015