-1.6046998003876256,1.172472587322908,0.9299084717782263,0.3577028307488712,1.6164305261953622,-0.11499103630547886,1.9252603480514714,-3.590438238452422,-2.3844594567536532,0.6713904441835152,-1.0139910760372464,-0.23711228869451415,2.892910002068711,-1.8164058413847273,3.030157515355811,-1.3395624540528583,-0.39321822752799374,-0.908873143098227,-1.6809058987328531,2.0014044612648,-1.7976149038961213,-2.329268515789706,0.05608792538360413,2.092432935662352,1.7080331799718644,-1.6423122501369272,1.5623546026353803,-2.872434097033277,0.46653167880351487,1.717977796024594,-0.9253841845086405,0.2928635909373517,-1.9416839391885365,1.6915872777798446,2.7329291075614393,-0.15715066187688873,-1.116352841776369,0.2205228466280705,-1.9205583850920298,1.5275337990789453,-1.8420157951774296,-3.1834763194244413,-2.6252914879303564,2.2321639400135167,-2.820085014673295,1.0158986825339342,2.3345640115474655,0.18175171221396855
numHidden 	5
numGenes 	48
minGene 	-3.0
maxGene 	3.0
popSize 	40
maxEvaluations 	20000
mutateRate 	0.08
mutateChange 	0.1
seed 	1583954905364
random 	java.util.Random@57767ebe
neuralNetworkClass 	class coursework.ExampleEvolutionaryAlgorithm
Training Set Training
Fitness 0.1274966086076895