-1.4739615029078368,0.09398418126664548,-1.3600537380713975,2.4670022098156257,-0.13525302259662014,-2.520243124403666,2.145164445352036,4.062480043411473,0.3632405292935539,-1.045618712951157,0.9393661848822213,-1.3170264436015486,-1.7257105507211086,-2.973344290655633,1.607157344564036,-0.981269417025079,1.602406371718347,-2.4041918083113947,1.7861894133391485,2.1235037198601128,3.135618687123514,1.938014558667701,1.3472939601181277,1.6483962119293052,0.8312413962915413,-0.08361103843495582,1.7421035936561249,-0.5225376386154614,1.514577132193693,1.5410670971403362,-1.448222221366617,1.5064130886083666,-2.1456998420280313,-1.207346511346212,0.8988323712978268,1.7931255496532592,-1.0033586977456908,2.7500360079498796,0.39618170788015916,0.4801408143934143,1.2463494399084012,-1.221196289348271,2.507111749890598,-2.2516831774882595,2.475766648256319,2.139241545830721,-0.922987748242632,-2.2927126031132583
numHidden 	5
numGenes 	48
minGene 	-3.0
maxGene 	3.0
popSize 	40
maxEvaluations 	20000
mutateRate 	0.04
mutateChange 	0.1
seed 	1583947599880
random 	java.util.Random@343d1a6e
neuralNetworkClass 	class coursework.ExampleEvolutionaryAlgorithm
Training Set Training
Fitness 0.09607286183258076