0.9267794541515796,2.240503861872886,-1.037018665215606,1.9413774913743458,1.055770056359135,-0.4446491935435185,-2.6094298644289933,-0.25595224291008556,-2.8758054295701267,2.7060213527049486,-1.6406108100791463,0.7820417298366072,-2.842690745489119,1.9752119377438548,-1.2854603570828544,1.8260396550387195,-0.4909252876462239,-2.606569866856497,-2.6566761460416797,2.816125492874086,-1.5118179799711486,-2.6491385926541904,1.721107895865658,0.6656977853305053,-0.13175508976509268,-1.52582157286745,-2.144698143271545,0.2228017706027506,0.7218775408689738,1.4774415963310643,-2.002382209525118,0.15414616975570913,0.11291387840947786,-3.0347029742163127,1.10171339183796,1.308681537745918,1.6345555744589468,1.5673799496868206,-1.7667274713680683,-1.735900767205153,2.3526907495505904,-0.7716633592726144,0.010349750952694775,-0.12329507678447502,1.3919026939995636,1.0308957826085847,1.8297656097022483,1.5731505449147951
numHidden 	5
numGenes 	48
minGene 	-3.0
maxGene 	3.0
popSize 	40
maxEvaluations 	20000
mutateRate 	0.04
mutateChange 	0.1
seed 	1583945743155
random 	java.util.Random@6ef74d1b
neuralNetworkClass 	class coursework.ExampleEvolutionaryAlgorithm
Training Set Training
Fitness 0.12799437647253048