-0.7725986599649411,-2.2146340269694558,3.1891953390350576,-0.6982520428633822,1.8532693054620788,1.2726220986564472,0.909715048070103,0.3096711802383937,3.028526063449396,0.9744099534536838,2.7552890382293693,-0.31593911819968235,-2.0760246389497343,-1.9837030497440231,-2.3833029390283698,-2.7711462884003764,-0.056749981362459234,-0.0823988841722004,-0.8158766354159013,-2.7153880181536816,-1.0297972561495683,-2.825763672929084,-1.346794507117781,-0.23881315816293577,-0.394980097166578,0.7694580400820485,-3.3407778232398577,-3.6453163001524396,-2.853502765981836,1.5803224719903133,-1.6869109097753057,1.7286960904058448,-1.713035931941253,-0.16972381448163568,1.2360697194880288,-2.0097356514324525,-2.8222931806073475,-1.006998765056211,-1.4371637252298377,-1.6283305707850193,-0.7668954584366228,2.23649361682674,-1.0657762695886466,2.2462888043898706,-1.786438448599168,0.1666277682753967,0.22263541624590513,-3.142295543123959
numHidden 	5
numGenes 	48
minGene 	-3.0
maxGene 	3.0
popSize 	40
maxEvaluations 	20000
mutateRate 	0.04
mutateChange 	0.1
seed 	1583946476691
random 	java.util.Random@12a392e9
neuralNetworkClass 	class coursework.ExampleEvolutionaryAlgorithm
Training Set Training
Fitness 0.26820390549719053