2.2582967380131267,-0.6823522154605232,-0.47013583017879534,2.4865733157735512,-2.043948320120652,1.275926679659233,1.4144769533562336,-0.9498022387875303,-1.7219276885178423,-1.7085991921905377,-0.8963558472796064,-1.7356434656870436,0.07628271927693042,0.3871358353564921,-0.5674182649324764,0.06650240024499113,1.803045132618383,-0.3499466972506704,-0.38853529359541716,-1.5877833480203192,2.3205337569730218,1.520756088789851,-0.3805752909919433,2.364648717866787,-1.5203558012678615,2.350875613951263,-2.6215596092150744,-0.95661663853469,-0.9804117896689782,1.8240818866868986,1.7932441971289825,0.6887931050916046,-0.20781970850712525,1.4048508013068708,1.442236825878612,1.6746246882312779,-1.7697952318956713,0.46238864494611187,-1.238768338958755,1.4112394903188092,-2.3923448854174882,-3.1685311641545706,1.498092523016156,1.6799738996526283,-1.1654449275922836,-0.16126727121285542,1.9300002533755927,-0.9253680441561997
numHidden 	5
numGenes 	48
minGene 	-3.0
maxGene 	3.0
popSize 	40
maxEvaluations 	20000
mutateRate 	0.04
mutateChange 	0.1
seed 	1583946100893
random 	java.util.Random@202fdb8
neuralNetworkClass 	class coursework.ExampleEvolutionaryAlgorithm
Training Set Training
Fitness 0.10541159736380543