0.8418739180793431,-1.4737609943234056,-0.7313097222549814,2.6917085909428424,-1.74291466398798,1.7761982145404298,-0.8546706132284525,1.9731115356888869,1.0786308268465497,2.299853059470385,-0.04444430038082067,0.18370651873568714,0.2275874826250934,2.0501105351778,-2.471910518701442,-0.43593113728345456,0.22027764036468184,-2.0520293068264137,2.6887594945184006,-1.1858258665511932,3.3880893382582253,0.15902517210389108,-2.7718964983707743,-2.810415529187932,1.2394532705542338,1.8870181867124058,-1.6375873951869881,-1.1880781786941057,-1.5048637449878772,1.6560751785399086,3.20024129201869,-2.5596565452513262,1.5958138208108408,0.5164046340792364,-1.3376348765601584,-3.2137163163195837,0.9133058906752264,0.11257121274221066,2.3543471949001424,-2.5732292215926043,-1.9332181615616468,1.2952357720516905,1.2795412018998416,1.1821783557514334,-1.2473366206045735,-2.1634434453315077,1.2065323237808143,-0.6276884684872961
numHidden 	5
numGenes 	48
minGene 	-3.0
maxGene 	3.0
popSize 	40
maxEvaluations 	20000
mutateRate 	0.08
mutateChange 	0.1
seed 	1583954621541
random 	java.util.Random@2f788101
neuralNetworkClass 	class coursework.ExampleEvolutionaryAlgorithm
Training Set Training
Fitness 0.125273369802875