0.3916955698218637,0.9991619095441836,1.646427776605619,-2.4645597470317746,0.11915021084851429,1.4506663465574396,3.058285509500058,0.7052505518606899,1.126539940448061,2.47302781439128,-0.4262814337600902,1.092285194364897,0.04358553290137043,0.19883594599506402,1.73670854781225,3.5943114377094845,1.5506842447462377,1.0684974424982756,1.7035983799828522,-2.722800830730841,0.30456219861746747,-1.0647330775192783,-0.011391993287629104,0.49556756645860844,-1.7368215131679121,-1.4190205125294286,-1.5802801820177874,-1.4137392828749653,2.72425925088876,-3.367974752939542,1.33676493914496,-1.71010075712175,1.9858117659122438,0.05583538820459194,-1.248429996223075,1.0709064975145615,-3.2608448152235177,2.312769078944359,-2.047615799409964,0.7372644753002188,-2.3547632086154024,-0.9370979826848221,-1.3812195940474838,-2.520381617576064,-2.0272639046520453,2.139323472133999,0.28471735926899167,-0.5447949421506424
numHidden 	5
numGenes 	48
minGene 	-3.0
maxGene 	3.0
popSize 	40
maxEvaluations 	20000
mutateRate 	0.04
mutateChange 	0.1
seed 	1583946476691
random 	java.util.Random@12a392e9
neuralNetworkClass 	class coursework.ExampleEvolutionaryAlgorithm
Training Set Training
Fitness 0.11816224989834201