-2.809353392283733,0.9423990424339532,0.3634151418964669,0.8374909491859983,0.3445466490555184,3.0856412299060887,2.386885189958259,-1.267946788113215,-3.2416097297441895,2.0547583849744346,-3.4702349805913304,0.15290953088731551,1.1200191771908192,0.6525272262090649,1.3698854186308735,-1.854170102396999,1.3223392980977242,-1.920751223759523,-0.5309861460223938,2.2617148312708677,-0.4746819615122417,-2.420065952236441,0.14862196276282136,0.0011070291674309951,0.40475975868072694,-0.14546536593445236,1.3788647491768282,-0.03077348843873312,-0.45351211523580554,-0.6188432311804806,-3.031886319032899,2.4061173156143654,2.511364532388762,-0.884131450318562,-0.6240690883953828,3.1889137948767674,-1.6991317239256218,-2.7161150026813052,-0.5545788931935952,-0.02684125633259743,-1.0052466055812574,-1.0344157465125905,3.1614410903495527,-2.152473621684887,3.0116069438046402,1.906981863349124,-1.0108023667831074,-1.478776379622465
numHidden 	5
numGenes 	48
minGene 	-3.0
maxGene 	3.0
popSize 	40
maxEvaluations 	20000
mutateRate 	0.2
mutateChange 	0.2
seed 	1584971372291
random 	java.util.Random@328f2a76
neuralNetworkClass 	class coursework.ExampleEvolutionaryAlgorithm
Training Set Training
Fitness 0.00513713715988001