-1.8454647210147,-1.2921987259985406,3.205906582827347,0.3897978926102545,1.2106401819116845,-0.17651919041253228,-0.668400467620125,-0.7452275493726657,1.6204842567167757,-1.3016467291925262,2.853801770699711,-2.1308324960929257,1.7665085260077027,2.563739808864433,3.3961794868284914,-3.1347317449291197,2.3553894971419966,-1.3075683524481094,-1.7395543450011615,-3.3125240234060924,0.7071954808079945,3.1253086434709845,2.3895799098198367,-0.10339175250904165,-1.5621194369138462,2.442744917193781,-0.311021357876255,3.560677704796942,0.8118616240666088,0.9078404049421227,-0.7366631833490529,0.6699332626346803,-1.0495909008678086,1.5518759641650506,-1.7202039347570517,-1.6489479390625905,1.778064970272971,2.503249715879165,-0.2918725867166009,1.5799813899568187,2.073286492847507,2.279511118389819,2.316453251506986,-2.0949581370991006,-1.738999486022242,-2.3320313708237324,1.016245164463023,-0.40849312091531903
numHidden 	5
numGenes 	48
minGene 	-3.0
maxGene 	3.0
popSize 	40
maxEvaluations 	20000
mutateRate 	0.2
mutateChange 	0.2
seed 	1584968997999
random 	java.util.Random@28bf686e
neuralNetworkClass 	class coursework.ExampleEvolutionaryAlgorithm
Training Set Training
Fitness 0.10624065635735225