-1.1576556793161055,-1.541556157745494,1.3834764280400147,-1.098819919768515,2.720570006492702,1.4396828627728098,0.8127987002867036,-1.2623389872188562,-3.6736114923364083,2.199942169286978,1.0190054965304631,3.830443757790703,2.2037299937563635,-0.9476819801915175,-2.4299224713120826,1.92219527947833,-2.5595566938563983,2.4062639942005326,-0.21560475598830686,-1.4110963940061134,0.24692342052988092,-0.864416153930424,3.36028613144442,3.3053767420937348,-0.7635248905397738,-2.7269501093601782,-2.943725601143014,-0.16156695733269322,-0.5970912754438367,-2.9725686460678853,0.5985874853508442,-3.7256861502903824,-0.9001526904053123,0.36208353667799625,2.1452005326987558,1.6239581090672686,3.6227094160870044,1.5051034655735378,-0.8240595057053561,-1.7256112714241834,-1.9216821395707968,-2.4205806674494603,-1.1940983994212222,0.5665695596934321,1.6985646198706497,-0.15296037505130544,1.8346610399721766,0.27970097448902587
numHidden 	5
numGenes 	48
minGene 	-3.0
maxGene 	3.0
popSize 	40
maxEvaluations 	20000
mutateRate 	0.2
mutateChange 	0.2
seed 	1584971372291
random 	java.util.Random@328f2a76
neuralNetworkClass 	class coursework.ExampleEvolutionaryAlgorithm
Training Set Training
Fitness 0.105047915228563