-0.2574932469324617,2.3742778755610594,-0.48740340404266796,0.9204496552833406,-0.1935156612130443,1.409991002706122,0.6340997442196821,-0.16018947869527767,-2.9530389585895644,3.5854044857364107,-1.7416494209801945,2.9218380149797323,-0.4797297593023671,3.82668654228556,-2.0175034773230696,0.14160453096467462,3.461263893930644,0.7533745081333267,-1.9200972742900206,0.5992008451641084,3.2888897836972775,0.666789303163206,-3.4502944629685253,-2.296770677459043,0.54087928957812,-0.7825039522458661,1.0246196480820613,2.4028688408488525,0.6512046136539145,-2.34517390016203,0.6723398478828781,2.947893115006072,-2.275799235729755,3.7860854928685734,1.8098600136226948,2.174384326743748,0.28697945358325516,1.4851820202407886,3.121518379223611,-0.8802560701767199,0.0169986903876454,0.3900165259301876,0.5305608680885696,-3.1360403802730414,3.0443843098999217,1.1150895556241196,-0.6795009320283201,-0.5250506721258876
numHidden 	5
numGenes 	48
minGene 	-3.0
maxGene 	3.0
popSize 	40
maxEvaluations 	20000
mutateRate 	0.2
mutateChange 	0.2
seed 	1584971372291
random 	java.util.Random@328f2a76
neuralNetworkClass 	class coursework.ExampleEvolutionaryAlgorithm
Training Set Training
Fitness 0.11140027817318368