0.3774662169887061,0.13488079667986735,-2.575711842865006,2.6418052477883474,0.6178016570019319,-2.132948379101509,-0.41910251758580586,1.6993877834613795,1.8338672653109271,2.0715856627405285,-2.797502344740664,-0.13499970846126852,1.0860859369122804,-3.384911824607435,-1.359975451900191,-0.5449130013797808,-1.830914595901454,2.790122728380529,4.625345955361157,1.8505011348720681,-0.3587535718956424,0.9851589316234626,-2.095258338770222,-0.25273660554471744,-1.480184471897672,1.885534707911276,1.3304479328669934,2.1475823660156204,1.1768734685850197,-3.345308273723405,-1.5241702762811578,2.519105566478271,-2.1336279107380336,1.3117330744561855,0.05341712477976471,-1.4140887709554604,1.8448731145630872,2.425655032966427,0.7662123708025116,2.3878046090283434,0.6185455578458638,1.0883966704386792,1.611348576571872,1.6550219933486914,-2.8436006060461065,2.3081522051553507,0.5813504378261041,-1.3065006480667705
numHidden 	5
numGenes 	48
minGene 	-3.0
maxGene 	3.0
popSize 	40
maxEvaluations 	20000
mutateRate 	0.08
mutateChange 	0.1
seed 	1584974889637
random 	java.util.Random@552919b6
neuralNetworkClass 	class coursework.ExampleEvolutionaryAlgorithm
Training Set Training
Fitness 0.08569809450677238