-2.5810794144725815,-3.251186157545715,1.7152317567185058,2.9529850010187655,-1.346742534188851,-2.865548630135947,1.5303564075659304,-2.358841322207753,-0.8797492778386107,2.4696193904637194,1.248266723345278,0.20341627850990218,-2.205065763087662,-3.2249530359891514,1.0893553574097927,-0.9063679078853619,0.1912472701606449,-3.671811764962117,-0.8036377890290114,-0.43519442313595874,-1.491030601313052,-1.904296020167332,3.1835177398535994,-1.108713440468833,-0.7330341344973885,-1.1426604481608418,-0.7318763438035749,-0.40413577939976125,1.3200220068949313,-0.5041544090330701,-1.8661641725046418,1.7244772938789192,-0.8149608867045264,-2.6663407700639783,-0.990178038389963,1.8233655841996679,-1.623372548106698,0.9139393814812886,-2.4429625344737964,2.2934088464945326,1.5439309315484617,2.0622263576808733,0.8134195545646763,-1.2461832582108956,2.3298123321025086,-0.9588391482188037,2.5478358391701317,-0.8577419890572933
numHidden 	5
numGenes 	48
minGene 	-3.0
maxGene 	3.0
popSize 	40
maxEvaluations 	20000
mutateRate 	0.2
mutateChange 	0.2
seed 	1584968997999
random 	java.util.Random@28bf686e
neuralNetworkClass 	class coursework.ExampleEvolutionaryAlgorithm
Training Set Training
Fitness 0.1078118375964754