3.357080117000673,-0.8242930907148391,-2.10116929900856,-2.6441775873471567,1.478742758363677,-2.854743192368892,0.9739540908117166,0.2488387548117288,-1.4793713596831983,1.9278832263359618,-0.5234238624020147,-4.498159056349572,-1.5333113808940324,1.4674649298303448,-0.07361737881820157,-2.0820596517245034,1.8570720739829556,-0.06642765636632281,-1.2008234446903545,2.020677269870019,-1.324017525075453,2.0818035575601677,-1.7517782431903164,-0.33736045591328206,-2.4542952260836586,0.36196450407381436,1.828653346538583,-0.5974020701668348,4.216196442168981,-0.2959885775766441,-1.339756636692095,-0.6995874840221228,-2.5841924163197234,0.9097238841724153,-1.941266461522819,-2.3542376465834467,0.5423625502809937,1.2136183522081971,-0.0016282706720067153,0.44104928095333856,2.8250156236442567,0.24966603686655076,-2.76179414529957,-1.3993803353571157,2.8759550550397446,3.370919754908,-0.6478852947280839,1.6077483696852874
numHidden 	5
numGenes 	48
minGene 	-3.0
maxGene 	3.0
popSize 	40
maxEvaluations 	20000
mutateRate 	0.2
mutateChange 	0.2
seed 	1584971372291
random 	java.util.Random@328f2a76
neuralNetworkClass 	class coursework.ExampleEvolutionaryAlgorithm
Training Set Training
Fitness 0.11237449732608061