-2.28113079519546,0.980850771757306,2.2593549178679657,0.12038695379531791,-1.3798365656699838,2.132780709758249,-1.4343730267324322,2.3413529248598937,0.3788937558368082,1.7170525414016264,2.0503465777994814,-1.3937277312114575,2.3050190354109805,-0.05176521002941589,-3.304095531484103,-1.5407203289132871,-2.8485353588243925,2.5244915136763946,-1.9493307942413916,2.416600998590726,-1.7584960282699236,0.9263215158912722,0.996832553375112,0.6993647460242625,1.7362438540599978,1.689176341424838,0.39931791123909066,-1.0994625235906157,-1.4564323823936904,-1.539024326196866,-2.3880875070145815,2.3514994615429337,3.1663743870404337,1.4864061070101058,1.7570167401116445,-2.0216157964108064,1.9719400989431342,1.4782429583560142,0.8231382816378756,0.3504150193062706,-0.8642927519715939,-0.75820381468893,-1.5605044632148595,2.6220843779935237,0.5717960627430926,1.8119422534372758,-1.210173806277173,-1.5418748670200877
numHidden 	5
numGenes 	48
minGene 	-3.0
maxGene 	3.0
popSize 	40
maxEvaluations 	20000
mutateRate 	0.04
mutateChange 	0.1
seed 	1584974398284
random 	java.util.Random@38a70fab
neuralNetworkClass 	class coursework.ExampleEvolutionaryAlgorithm
Training Set Training
Fitness 0.027624753259608472