-2.51934073529877,2.566011915825548,1.3751851147742258,2.455220312371514,2.328496385179083,0.6017008451491592,2.1491228309452954,0.31033681926157736,1.1013340429362835,-0.30384422510707,-0.4212778874667039,3.035859470876639,-1.107024348511294,1.567714647182195,0.4031780487802932,-1.4509958893373798,1.4102381644623017,-0.543195462612497,1.4760617222143564,-0.5177205069516873,-0.8744844218703122,1.533082665559124,2.1226256703116864,-2.071299170022141,0.8960016707571082,-1.3507483598709444,0.681194797814844,-2.32726694280892,0.05229427306204881,-2.103875161210532,-2.121956741964192,-3.1370916978206838,-1.950662731265203,1.5881298101725463,1.5191447282439077,0.750422020964502,-0.34960855157155346,2.3705462198812204,0.8036654852449006,0.17387173359721136,1.2799592285110521,2.589383294797265,2.4730561302301255,2.113660513289785,-1.0656763099971787,-1.1980870197404803,2.5060812067285516,-1.7295523205489303
numHidden 	5
numGenes 	48
minGene 	-3.0
maxGene 	3.0
popSize 	40
maxEvaluations 	20000
mutateRate 	0.04
mutateChange 	0.1
seed 	1584974676810
random 	java.util.Random@38034315
neuralNetworkClass 	class coursework.ExampleEvolutionaryAlgorithm
Training Set Training
Fitness 0.12354140480172668