0.5355626913214184,-0.2524506009118669,2.730989861957627,-3.17529472232754,-1.4126019071664284,2.2373301971631223,-0.4388991965442393,1.32329329580881,-1.440218417336416,2.331690091909673,-2.1353603563748123,-0.8143476355442549,0.2949694063157996,3.843111087907281,-3.470005672638451,0.05387227766361408,-2.1847672303287053,-1.1940646585142984,-0.8837528193945607,0.16367310599046936,-0.20749998284921245,3.8983313680163096,3.818115615131048,0.5391101192607044,2.6633194528646165,-1.7586114787914442,-0.722400049170947,-0.34324002086861277,2.709391592058372,2.2454934025485196,1.8022347938341723,-1.6873730406941894,2.1875979013407787,1.1596890204854515,-0.16773110623585907,-2.72069426005144,0.49461857495592615,2.6027644373661136,-0.880985760038431,2.232735270827309,-0.41009367337171904,2.0153686021795627,0.2340315907741668,-0.4428270925311328,1.2769570751273218,2.6704907345925957,3.323740389504608,0.803816201693311
numHidden 	5
numGenes 	48
minGene 	-3.0
maxGene 	3.0
popSize 	40
maxEvaluations 	20000
mutateRate 	0.2
mutateChange 	0.2
seed 	1584968997999
random 	java.util.Random@28bf686e
neuralNetworkClass 	class coursework.ExampleEvolutionaryAlgorithm
Training Set Training
Fitness 0.1264843327757574