-2.3051911077046014,-2.9902666499835524,-1.1004715207307547,-0.8092689657989445,0.11687734421656149,0.669198071745186,1.5235178264509859,-1.7420364390363463,-2.112726773954562,1.9715774438221514,-0.33855056596174826,-1.7926917435523473,2.2402087921312037,-2.959793935165401,1.3071185356254622,1.9463602724771483,-2.8628060473598214,-2.8035323482193073,-2.2123070558208964,0.5863657515705515,-1.5860847988946276,1.218456667921299,0.8213493167213523,-1.4371306686047791,0.5314954520211067,1.2734506701017496,-2.6188887616788654,0.19366819837955138,2.047796130378857,0.46241348417562445,1.5217680401565414,-0.06056065346090472,1.916219618369083,-0.04657725639951002,1.287289279950281,0.5898337352144091,2.5487672658724962,-0.24291669831760296,-1.3857965350640984,2.1927455181745943,1.6469062366817937,-3.2893356790052883,-0.8180459344033788,-1.8231042381029225,-0.891907157530997,0.28886761263099764,1.7342915239389973,2.387780800085722
numHidden 	5
numGenes 	48
minGene 	-3.0
maxGene 	3.0
popSize 	40
maxEvaluations 	20000
mutateRate 	0.04
mutateChange 	0.1
seed 	1584974676810
random 	java.util.Random@38034315
neuralNetworkClass 	class coursework.ExampleEvolutionaryAlgorithm
Training Set Training
Fitness 0.0980561923758514