0.7447799481714952,-0.2965493479421875,0.4009090243354451,3.760071625222407,1.9786342479000603,-2.143969087269298,0.3075474978751544,-3.080233211074832,-2.211991250981321,-1.4201411790705876,2.535571792227355,0.36707412340720674,-0.9379632190912655,1.1788738041914044,0.6167594728963766,1.052267804331135,1.0660291489845724,0.044292525803646454,-2.7576286564410193,-2.2597137451535185,2.955817369691495,0.5665383998529474,2.089231550252948,-1.0214085419920014,-1.329445698419436,1.9918410272837372,-3.0672032020136024,0.7362647107516935,-0.5619559379308858,-2.949372851426244,0.16980287747889966,-0.21702557243722742,-3.1522205431897476,-1.6730040797535843,-1.4066992328057268,-0.3149858889382111,0.8185981616907605,-2.2111872903598635,-0.7807112626732451,0.7038495731430379,-2.4494045332720216,-0.2410221425974982,-2.358119757768536,-2.7552800437234697,-0.22758756663064156,1.6642826095359176,-2.3408158185942534,2.1524490665370095
numHidden 	5
numGenes 	48
minGene 	-3.0
maxGene 	3.0
popSize 	40
maxEvaluations 	20000
mutateRate 	0.2
mutateChange 	0.2
seed 	1584968997999
random 	java.util.Random@28bf686e
neuralNetworkClass 	class coursework.ExampleEvolutionaryAlgorithm
Training Set Training
Fitness 0.10453022746444618