1.558503092534712,-1.3541540735235291,-1.6827742669828645,0.1910170288545877,0.5598682317606438,3.552388337696156,-0.37471395981596317,3.711592573420212,-0.24807839356692218,-2.8271223459059818,0.5157575716041141,0.7512140073293729,-1.3884140019503093,-0.1871610987948964,-1.407119860947151,0.5028040639562732,-1.6133190398114607,-1.1007889915322007,-2.9570915790784085,1.6227988608465744,2.413547904810894,-1.52355615228403,-1.243833393813579,1.733723165385515,-1.0931497699413024,-1.7504535136967343,-0.922647148991115,-0.19174052009831144,-1.4738245596747852,4.2036179232609205,1.6783655681627736,0.27742258691698496,2.287737529163694,0.11493366451393405,-1.5696500690179587,-1.7402467915528539,-2.009350781820958,2.791712636053594,1.0715833922566678,-1.0997608150707934,0.06590640093314132,-3.356767676423215,-1.274760694081647,-2.963031347429289,-1.5676006368677171,1.5740101473834753,1.1159933492816614,-0.5196821920634052
numHidden 	5
numGenes 	48
minGene 	-3.0
maxGene 	3.0
popSize 	40
maxEvaluations 	20000
mutateRate 	0.2
mutateChange 	0.2
seed 	1584971372291
random 	java.util.Random@328f2a76
neuralNetworkClass 	class coursework.ExampleEvolutionaryAlgorithm
Training Set Training
Fitness 0.01619197070742162