-2.707492086818601,-1.9487315520691073,-3.272496198196995,1.5567674154256101,-0.07656942595321556,1.9364765338586003,1.7014596321951592,-0.06260280663804657,-1.1363119045484924,-0.8590618941072214,1.8891070578510987,-2.3857369116245373,-2.0692691720312326,-1.1795155947803462,2.4966150461804952,-2.7449633318520306,0.8656780189826306,-2.306208217830544,0.955056907635191,-2.7544591381653696,-1.5124576548094075,0.5751116259345328,1.1675440579366065,1.8250976169429438,1.6179124368034095,2.6791744803065405,-1.5926222043386458,-1.91274226254568,-0.9472576055274881,0.7650581894804614,2.2483607589081496,-1.8156206660006973,0.7887552483928014,-2.6739656209847844,1.3330170878503749,1.2585031609992723,-2.7696728510376794,-0.4398498653882881,-1.7034210065691693,-1.7075430816393222,1.0085768759236253,-0.9284692545972149,0.7642105455221001,2.034107876470811,0.03774968054031014,-1.9448734451613539,2.926043367291551,-2.0068371435669685
numHidden 	5
numGenes 	48
minGene 	-3.0
maxGene 	3.0
popSize 	40
maxEvaluations 	20000
mutateRate 	0.04
mutateChange 	0.1
seed 	1584974316840
random 	java.util.Random@552919b6
neuralNetworkClass 	class coursework.ExampleEvolutionaryAlgorithm
Training Set Training
Fitness 0.11255967087579857