-1.9239438799571535,1.3332839731345176,2.588778007161742,0.3419264129562261,2.7980913095980693,-3.404945708946208,4.754662067318247,1.5127782451878484,0.7546590521603043,-0.4725351106621109,-1.7320128458539599,-0.5439727662114924,-1.3457366837359226,4.321117448029716,0.4186938780812354,-1.2780287703343556,1.6991523436809919,-1.7353988982566348,-0.6662826587322883,1.8339333485237526,-1.482856763746989,-2.9183915074706204,-1.1836420610953053,0.035583818169940884,-2.6009498668977793,-3.296830758802796,-0.6256202165822093,-1.4017490388640226,1.3082579801673473,-0.19449277583029095,-1.1663491159309678,-1.0025615866313862,-1.676097201581605,-1.6891772444991462,0.9478114396531807,2.903311801853027,-1.2884568630243811,-2.2474011358490893,-1.2343727795720776,-2.5970367321837324,0.48512988362675696,-2.651170625446072,-3.3936415916641955,2.1828130437243467,-0.06849916905610626,4.205858201965247,3.119644352222294,-1.4524488347444222
numHidden 	5
numGenes 	48
minGene 	-3.0
maxGene 	3.0
popSize 	40
maxEvaluations 	20000
mutateRate 	0.2
mutateChange 	0.2
seed 	1584968997999
random 	java.util.Random@28bf686e
neuralNetworkClass 	class coursework.ExampleEvolutionaryAlgorithm
Training Set Training
Fitness 0.12563698244955984