-0.781800178404396,2.8456409465997057,0.4224468377527712,-0.08506429421603501,3.0657750490609237,-0.23399588310505814,0.055196593900931845,1.6048094282023289,-3.179453921221797,-1.9247750346938048,1.8218208205148996,3.5232435404938967,-1.052282375833982,1.3751623678673361,-2.2644611642088113,-3.1007410810441725,-0.6668558596624681,-0.06631825974545474,1.3337314443730035,2.716194736524664,1.5646866009555136,0.9172900018549119,-1.434803248527614,0.04686408175900497,-1.4769104691335013,-0.29768577766697835,-3.6925450771810864,-2.502528367006983,2.046866581570101,-0.7790724866235677,-0.6510491650649397,1.0014343044261644,-2.1100172630490457,1.4083653038063455,-0.5538497934262149,1.8065996794846724,-2.517084972752283,-1.9436499397556253,-1.473924543917416,1.6567760154527051,-1.6630253578128995,-0.8460859551398812,-2.1971293910596232,1.4713497804794586,-2.2451147532149305,1.834885239886739,2.206153873927141,-0.5082484137590273
numHidden 	5
numGenes 	48
minGene 	-3.0
maxGene 	3.0
popSize 	40
maxEvaluations 	20000
mutateRate 	0.2
mutateChange 	0.2
seed 	1584968997999
random 	java.util.Random@28bf686e
neuralNetworkClass 	class coursework.ExampleEvolutionaryAlgorithm
Training Set Training
Fitness 0.12469057067984969