1.7591029633735764,0.406275549645425,-2.5902510947954394,0.013267565607365306,-1.8454727499121528,0.4980721878097054,1.7528059163431884,2.0331462798673843,2.516661654114368,-2.6085507629530005,1.7884007151312429,-1.2262489004781285,1.1076308455801858,-1.3467104452171408,-1.4230682504481011,-2.952392496260164,2.8240853261504975,-1.6154853252958352,-2.6292367000311683,-2.558904368733428,-2.372858650841698,3.1354951562642075,-2.992536641676965,2.518614967426205,-1.3347527833448718,-2.7316983815972273,-3.065562580131688,-0.002637473413318686,-0.015995174654690664,2.157776889560466,2.091607333762048,1.9095104961077127,1.1540889856689414,-2.9801054910198412,-2.7903599279287787,-2.0911985421665484,1.073011450950009,-2.4601505039003455,1.799595229407776,2.806315244647123,2.5085914360591306,-1.0561820081506832,3.315717594729909,2.0353952322077373,-2.248402048438311,-1.0826991944583475,2.5664576072543803,1.048455019064652
numHidden 	5
numGenes 	48
minGene 	-3.0
maxGene 	3.0
popSize 	40
maxEvaluations 	20000
mutateRate 	0.08
mutateChange 	0.1
seed 	1584968510224
random 	java.util.Random@490cb839
neuralNetworkClass 	class coursework.ExampleEvolutionaryAlgorithm
Training Set Training
Fitness 0.14706132758253349