0.05236433844125438,2.048293139261656,1.0131573189370073,-3.202061714118363,3.2185193946001,-2.212643346608559,-2.3079779872035626,1.0686350015961257,0.9551536552390987,2.3405902745183615,-0.030083054736326942,-1.1248461013083928,-0.7366967863440488,0.0058856491474250094,-2.110893981740766,-2.007584574549286,1.599886436617394,2.998144054068268,-2.9809773257846657,-2.64350010594442,0.5724186048319296,1.3905429002168452,1.658083754702534,-0.9773881435830054,3.2396692106654603,0.6896099275841066,2.3311350593437625,1.383798560395612,2.1217632562774247,2.0807133180911133,2.545213857946096,2.0008990528661728,-2.661534472839011,-0.11981428634434865,1.225292619799132,-0.012442184149560165,2.197118762152418,3.1174100350613085,1.498159922514828,-1.0249998540439664,0.24194488186572372,-0.15519575095652904,1.9265708148293295,-2.550379562391934,-2.945853209452264,-1.0642488161443737,2.5172899636007404,1.7123002070927493
numHidden 	5
numGenes 	48
minGene 	-3.0
maxGene 	3.0
popSize 	40
maxEvaluations 	20000
mutateRate 	0.2
mutateChange 	0.2
seed 	1584971372291
random 	java.util.Random@328f2a76
neuralNetworkClass 	class coursework.ExampleEvolutionaryAlgorithm
Training Set Training
Fitness 0.12597247946235807