-1.5541365037300847,-0.38433879213101313,2.853805123571745,-0.8565346254055703,2.696597858324577,-2.594006736041302,0.9111569044437684,-0.744136722790605,0.824152508490112,0.1377103166427177,1.9060800938295723,-0.5859565937736476,2.188745589816005,1.2987875789417527,1.2747882669900412,0.38823316688398396,-1.451717346862128,-1.322127747739645,2.3894196204316804,2.2625939158987687,1.8518252269615234,-1.0181510481568927,0.19503235385284284,1.0543572063008095,0.06250593828035572,-3.668858534152295,3.011760128075613,-1.1177032008021928,0.5605146245506705,-1.3581329359584529,-0.9966650823138157,2.205178665769271,-0.1626761074891217,2.5613868332870444,1.2424823490575352,-0.6729970220039736,-2.4096301612116067,0.018712365021774924,2.37049406555375,1.3795236858130875,0.9629527197809795,0.9836545091397542,1.1525727784351574,0.9437033273857289,1.9471659127559553,0.8985189974831791,1.9723484714582478,-0.8395658878810772
numHidden 	5
numGenes 	48
minGene 	-3.0
maxGene 	3.0
popSize 	40
maxEvaluations 	20000
mutateRate 	0.2
mutateChange 	0.2
seed 	1584968997999
random 	java.util.Random@28bf686e
neuralNetworkClass 	class coursework.ExampleEvolutionaryAlgorithm
Training Set Training
Fitness 0.26549883247900224