-1.948184986868438,-2.135316038937369,2.0647271199839445,2.1393246197257274,-1.956631237432568,-2.9121624735900222,-1.7262478545220514,-2.26602105910615,-0.6831009938172845,-2.1767736628658882,-1.2370139276791328,-0.721064397387918,2.60795527067208,2.4910733689938986,-0.1986094741743621,-0.40491041699497166,-0.21287951277029019,-0.876655638960986,2.356021878722753,-0.16271528035690155,-0.6340007068521466,0.9468043689602662,1.4629475815996882,-2.6908878851181117,1.9582770781827463,0.7319948590197185,-1.523335793150982,-2.7117002673366337,-0.33082048468242237,0.4262836951291529,1.0727140252068592,3.3244014211376665,-3.4387325453648376,-0.5768762531584748,2.346553477015168,1.5482256141890178,1.6066147669545265,-0.35885989309605437,-2.4924128769514127,-0.4023214766091693,-2.6149752480687507,1.195652931138682,-0.2893597294250584,-0.5825668957757312,1.1250505107727395,0.6417227765973577,-1.101997173104278,0.030065241130884407
numHidden 	5
numGenes 	48
minGene 	-3.0
maxGene 	3.0
popSize 	40
maxEvaluations 	20000
mutateRate 	0.08
mutateChange 	0.1
seed 	1584974889637
random 	java.util.Random@552919b6
neuralNetworkClass 	class coursework.ExampleEvolutionaryAlgorithm
Training Set Training
Fitness 0.05999243388514454