0.9858695904219756,-2.7460607633096963,2.6846516868334858,-1.3659905148402718,-3.285556430770251,-2.7179717197949174,0.6854587647037392,-1.585232470384602,-1.6275808100207638,-1.162973987625328,2.05985993454283,3.4209595078535395,0.032061205318555996,1.135009527350406,-2.8420446452048065,0.28815056898403246,3.3084144064241805,1.183726919197378,-3.652737057080624,1.6645763999831291,1.4093389928976616,3.5504593908495323,3.588862918375149,0.061851786803319986,0.6979548105788791,0.5014443324146239,-2.3742250365308064,-3.8944704061499786,-1.140378197996172,-0.1701102875729763,0.6653439477781837,0.5156280749930937,-1.570745113013619,2.575153912002328,1.4198277614862211,0.3015340149067231,1.0359435286393748,-1.4412846193488986,-0.9106896587840501,-1.1525058564026314,-1.9394820768475933,-2.3768997602505064,-1.8715236249886948,2.5941973499311466,0.07787570566062146,1.8579836659572122,-1.3662865512608144,-1.911248898390858
numHidden 	5
numGenes 	48
minGene 	-3.0
maxGene 	3.0
popSize 	40
maxEvaluations 	20000
mutateRate 	0.2
mutateChange 	0.2
seed 	1584971372291
random 	java.util.Random@328f2a76
neuralNetworkClass 	class coursework.ExampleEvolutionaryAlgorithm
Training Set Training
Fitness 0.008901927100649642