-1.7644223733649875,0.36915793406311453,2.9940713680294797,0.7543535748034951,-0.552433580345556,-1.8655033372081322,2.149726623872165,-3.1940844978676273,-0.793245116753506,-1.220661930742796,1.16579079851379,-0.8751994200216449,-0.6583381869175652,0.9368370775229149,0.10258074807712869,0.5078524612985089,-0.9193325796459324,0.7700026555055262,-1.3363575414746127,-0.12918618304680973,-1.1860031554658155,1.086352112655119,-0.025564036022783287,0.06792453060993603,2.3452187075223465,1.8027190929589392,1.5207159326685062,0.9029013926789526,3.1783837588334887,-0.002345398061568471,-0.7785484594672705,-0.3166118338731771,-0.24626502540281747,2.9025308208510046,0.3466708817845107,0.30338677699179595,0.9492110310616426,-0.5663680086370209,-2.236331914272437,2.808097571328985,2.806764999396651,-0.5438145352366097,0.6055519158288747,1.1030244561452685,-4.001249517492873,2.073221544898228,0.16820377669392894,-0.3612738042284
numHidden 	5
numGenes 	48
minGene 	-3.0
maxGene 	3.0
popSize 	40
maxEvaluations 	20000
mutateRate 	0.2
mutateChange 	0.2
seed 	1584968997999
random 	java.util.Random@28bf686e
neuralNetworkClass 	class coursework.ExampleEvolutionaryAlgorithm
Training Set Training
Fitness 0.12690737381618014