-0.82167322183648,3.766317459714016,2.8749270939964204,-3.0705190167228733,1.8446398255979257,3.910361955656013,0.44792325379419357,1.4002345358438841,2.043001922301629,-1.484137714497289,-0.3289902883512041,1.4971172340465706,-0.4914736155534371,2.371124722359974,0.8742183318537697,4.165783852651988,1.0822367609935775,0.3944007473416535,2.5770777306761437,-1.2990513913989918,-2.103243640510052,0.22047519969502993,-0.9288874303956491,-3.166451195998983,-1.608642478409426,0.43320178286343397,-0.3492103724918139,2.9272276219356335,-1.136022948015632,-1.9887426045168912,-0.32467974642345093,-1.7940984632898511,3.064286660388105,3.5852497785742514,1.8839623610997533,0.35878782308975293,-1.484108487991836,-1.1773322190220332,-0.7847994057679635,-2.4186249515095994,-4.372784092040751,3.263027936398017,-0.6045815493674505,0.31042885711177476,-3.1903817367800977,0.21892490066099957,-0.23459197809055543,-0.8017606909471326
numHidden 	5
numGenes 	48
minGene 	-3.0
maxGene 	3.0
popSize 	40
maxEvaluations 	20000
mutateRate 	0.2
mutateChange 	0.2
seed 	1584971372291
random 	java.util.Random@328f2a76
neuralNetworkClass 	class coursework.ExampleEvolutionaryAlgorithm
Training Set Training
Fitness 0.07878380064245158