-2.8961167804649395,0.7799443581494487,-0.7147502009619511,0.11279903650313927,-0.7551122502188274,-1.5458323099903655,-1.888885010537796,3.580953738194798,0.3738575352361381,-1.220583106536071,2.714028898813244,-0.7296188608348002,2.884957574524263,-1.3407278190677097,-3.257791139036024,-0.2303866007729839,2.3995958492390814,1.4936422946702534,-0.1140653338077946,4.120265379976489,2.1761026865820563,2.938310976588097,-2.250890525899956,-2.7049987296092532,0.17245247741275882,1.4615554220511184,2.5476169249764284,-0.18369047840592512,-0.19292081727532762,-2.9590358327296897,2.2531628983151375,-0.5785039292010667,0.49196839623332916,1.7796602481870898,1.9534327891334853,-3.394669517099678,0.9072534808737172,1.6294181825495053,3.88353040199154,1.5307594091797803,0.5799002144473404,1.11089621173215,-3.2292221762411013,-2.355407567178818,-2.190074397392943,2.8114418257139535,0.809561892846187,-0.8309558583222181
numHidden 	5
numGenes 	48
minGene 	-3.0
maxGene 	3.0
popSize 	40
maxEvaluations 	20000
mutateRate 	0.2
mutateChange 	0.2
seed 	1584968997999
random 	java.util.Random@28bf686e
neuralNetworkClass 	class coursework.ExampleEvolutionaryAlgorithm
Training Set Training
Fitness 0.1467536690056524