1.8122670255450537,0.5016429823138508,1.0327257668703964,-2.0084059236365235,1.5075531763237213,1.7285452322787502,0.8707228704139358,-2.230484040628106,-2.045292842974012,2.605193246351239,-2.224162152693825,0.03740331546912462,2.5946062134105423,-1.7661759709386013,-1.7172317038203935,0.6776846446007754,2.598145442506606,1.7931182357658813,-0.7674697553163012,-1.4470023689717186,-1.0579196570191984,-0.016125720117160125,-0.17922887840108803,-3.415846813164002,-0.8926545674619666,0.572729907665678,0.13998689453566193,1.8856124066550006,-0.3503589685159884,-1.869109547062924,-1.3847573005684215,-1.1150713839457156,-0.36143498609219277,2.4456837824693762,-1.4767729141787618,3.327217534827251,3.295551290112657,-0.44887921202140096,-1.0377940678677975,-1.672173029543309,0.8823599495717023,2.2795020009733076,-2.394323021021289,-1.6140146266715387,0.6008493861262214,-0.0758218631114877,1.0289527392233098,2.8888436966619135
numHidden 	5
numGenes 	48
minGene 	-3.0
maxGene 	3.0
popSize 	40
maxEvaluations 	20000
mutateRate 	0.2
mutateChange 	0.2
seed 	1584968997999
random 	java.util.Random@28bf686e
neuralNetworkClass 	class coursework.ExampleEvolutionaryAlgorithm
Training Set Training
Fitness 0.09176728661331292