-3.344252072815002,-1.6431993957708175,3.4856222082142683,-0.15951206754406333,-3.2142644505589324,0.6860781753524892,-0.0035307595629821553,1.1623377107281734,0.7751280704815082,1.660379063687892,0.3699966482471366,1.3405582895221881,0.039567269266363725,-0.8363953407535287,-0.4384289040218427,-3.8044618497142277,-1.9174904224787677,-2.306665395090396,-1.7313028575774339,2.44738330752885,0.4285041178522322,-0.9406988385094741,-2.534331168351594,2.6330637286590672,0.040588333017628375,2.34033638356564,2.3842616651738044,0.31676286453874675,-0.1739690108514636,-0.35651662391118827,-2.428007902167586,2.1747276815852095,2.9852201516598447,1.114129471809378,-1.680173962040779,1.064359776293467,-0.8348735800816842,-3.0595432330245993,0.9494131780295181,2.1292452665603836,3.1892530014482583,-3.303317234349306,-2.02702961381236,2.911742109362784,0.9277827132196146,0.3082308274069458,-0.7005185060296508,-1.0978343406964848
numHidden 	5
numGenes 	48
minGene 	-3.0
maxGene 	3.0
popSize 	40
maxEvaluations 	20000
mutateRate 	0.2
mutateChange 	0.2
seed 	1584968997999
random 	java.util.Random@28bf686e
neuralNetworkClass 	class coursework.ExampleEvolutionaryAlgorithm
Training Set Training
Fitness 0.06201375217452759