1.7505784194362906,-2.4804221351453366,-0.21751391182996846,-0.9523874571920584,-1.4449092352372306,-1.880983857514879,0.09143447461253584,-2.349865625006846,3.342255909228374,-2.1154328770499142,2.4417787543522658,1.5533715138941542,1.9897481665850543,2.0521695635939174,0.44567583373834707,-2.888794014345349,-1.3983348201347403,-2.9505680409301176,-0.45730136016269596,0.17513112663543673,-1.1925367432126173,2.182460071686795,-0.577958779345659,-2.5017361752570446,0.5802098851538948,0.6031442011505874,1.1685288621494567,0.7752302426016777,-0.7435353735938867,0.018417955932042845,3.1598591597163654,0.4167402484126346,-0.1977879524281074,-2.6755187363302895,-0.5016339616959222,0.72290134461034,-1.5811252634457136,-1.342029108641537,-2.89604925105113,-0.6279445548152272,-1.279451454953323,2.0525402905000965,-1.1743090625874508,2.5821606186920234,1.5382088511854652,1.973299847272397,0.6479916574062344,2.1294670935497955
numHidden 	5
numGenes 	48
minGene 	-3.0
maxGene 	3.0
popSize 	40
maxEvaluations 	20000
mutateRate 	0.04
mutateChange 	0.1
seed 	1584974398284
random 	java.util.Random@38a70fab
neuralNetworkClass 	class coursework.ExampleEvolutionaryAlgorithm
Training Set Training
Fitness 0.030855149302506647