-2.0553109899050517,-2.063420430510606,1.817243083852092,0.3519293131919092,2.101360950104107,3.476216274535747,0.3642747825325073,-0.42403037772984725,2.293076363026114,0.6665022095634512,1.4537418429500673,-0.07565394298907052,-0.3016036415759355,-2.982055850703402,0.1871653763396115,0.8785400882712717,-1.7978061523899587,0.1583434678251482,2.4101935140504596,1.3788161554051601,-0.03667501104946286,1.2048259897631821,1.0971909932096153,3.0806663836290884,-0.8361855102460851,1.465537817473946,-2.3049305658267314,-1.2132355644410393,-2.5097770470095595,-0.5897479223917514,-1.6841038492865854,2.2747282518654686,2.6474796153466604,-3.641882809135512,2.711179727025729,0.09372761773178356,-1.9574314205746532,-0.1727387775739982,-3.3084098913157014,-2.9567952240508557,1.1000692362910653,0.9749501004412275,1.6742297664223833,-1.0252879745760624,2.683659309240487,2.4284836618699828,0.7454308703069319,-2.926897131114334
numHidden 	5
numGenes 	48
minGene 	-3.0
maxGene 	3.0
popSize 	40
maxEvaluations 	20000
mutateRate 	0.2
mutateChange 	0.2
seed 	1584971372291
random 	java.util.Random@328f2a76
neuralNetworkClass 	class coursework.ExampleEvolutionaryAlgorithm
Training Set Training
Fitness 0.0881720210268631