0.0011823966571880007,0.06228625923932013,-0.26627419542608327,-3.8330332226510073,-0.5077630918163004,-0.54684238314445,-2.9543710151036944,0.7895596304613197,0.10675930535159672,2.835559383501203,2.241821762908744,0.6820307054129608,0.3746351727302503,-2.1472031312336637,1.3106128507931452,1.7181250093451956,-2.2079878674794275,-1.2667152865566103,2.0098082564235167,-1.658129314863041,1.7753165437433873,1.6717606656378199,-1.2726326356112985,2.3414833073626036,-0.7569762430856195,-3.0296100618595094,-0.550116181344074,2.3750992966737465,-2.3819616216474415,1.3086935266368316,1.845616067608819,-3.026676792699507,2.9431550948126644,0.1702169473632542,4.462154356427096,-2.7536858731856784,-0.4108244445687695,0.5003420527188662,3.1196686878511777,-1.1866356583189124,-3.4901296933896417,-1.4963722649808364,-0.05095953054433505,2.550665320327272,0.560080196737077,1.3105501706075768,-1.8199564848247054,-4.181818450923121
numHidden 	5
numGenes 	48
minGene 	-3.0
maxGene 	3.0
popSize 	40
maxEvaluations 	20000
mutateRate 	0.2
mutateChange 	0.2
seed 	1584971372291
random 	java.util.Random@328f2a76
neuralNetworkClass 	class coursework.ExampleEvolutionaryAlgorithm
Training Set Training
Fitness 0.10585957972208018