-2.095541558915606,-2.8930110718104287,-1.5948756016202201,-1.2403725273079025,-2.870008459625618,2.9931105172632027,-0.6148624938073689,-1.010900834221656,-0.9349628679133378,2.114277314941022,2.762093061021262,1.1535560780738514,1.2774618373637683,0.14026982838837693,1.6806279327453106,-2.9380598998433665,1.816137901873811,0.31019143947832495,-3.259122354830883,1.2927716467807038,-2.470438158226875,0.29019867866152305,-1.2250702703904741,-0.33104705097986964,1.941502564075285,1.6007017249451603,-0.6396159554022716,1.7199063561952732,-0.4260462780324409,1.111166270479619,1.2936627300235752,2.0774212098883975,0.4054661273877459,-2.6809897907714317,-2.52655188506636,3.363694990328094,-1.6755842892247343,2.8349444174364886,-2.0401374146013067,2.529660373579586,-2.0042484351390244,-2.309530399847839,0.4777361190787307,-2.8111989795866807,1.5062493330808975,1.0640979977212728,2.6225444728796914,1.06626935416991
numHidden 	5
numGenes 	48
minGene 	-3.0
maxGene 	3.0
popSize 	80
maxEvaluations 	20000
mutateRate 	0.1
mutateChange 	0.1
seed 	1584968722678
random 	java.util.Random@35d89ca1
neuralNetworkClass 	class coursework.ExampleEvolutionaryAlgorithm
Training Set Training
Fitness 0.12135129371978622