3.3596695253002924,1.6527923453102202,2.141676806777424,-1.6038926722067737,0.3720877878796029,-2.2599596058692266,2.463590733484616,0.7842849417429565,-3.171078867810211,-0.30426498918934364,0.7444249866961969,-0.011136991513493677,3.300451751734469,1.3698872348808049,1.7102268691166462,-3.1064229313628093,0.06286814666319085,-0.4760836740749898,-0.5801950542701528,-0.9738664064373579,2.0666513278189447,-0.09319644077495609,-0.06206992291531915,-0.2364405229820708,-0.48294779380403147,-2.247084981179455,0.3594874803581459,-0.9759900788707723,2.067722809056103,-0.6682431720075299,1.4307616022414291,-2.4873988043350734,-0.7093304136086598,-0.09859361700939556,-2.630112437391077,3.354069464434718,3.035313570776003,-1.4736488589315782,-0.06812666535020334,1.6977880476037215,-1.6734562192824836,-2.4830509630753834,-1.7055555509454317,-2.1790848957682716,3.176266695503263,0.9317075633394567,-1.8406691482936228,1.783172284728337
numHidden 	5
numGenes 	48
minGene 	-3.0
maxGene 	3.0
popSize 	40
maxEvaluations 	20000
mutateRate 	0.2
mutateChange 	0.2
seed 	1584968997999
random 	java.util.Random@28bf686e
neuralNetworkClass 	class coursework.ExampleEvolutionaryAlgorithm
Training Set Training
Fitness 0.019142564978603286