-0.5516656755874019,2.7232542582939496,-0.2101483821792259,1.8574632367622317,2.0530403706674965,0.6315707781597235,1.8168367103821095,-1.8999298740923356,0.9875707117546649,-2.0171598567053666,0.10236916289861481,2.243472086931236,0.4369679400206249,1.9873659952893767,-2.5288611314478358,-1.6216425222166162,2.818486360087872,-2.4480182404943633,1.3751221194278584,-2.8641929500370966,-1.5227158685491793,-1.8463231596908225,2.4571212584099897,-2.0802375415885397,2.3910055189787176,1.8468540337745578,-0.2457175024108536,-2.1303790048206057,2.6341061452086243,-1.869526265925839,0.9348831581554503,0.8295599445449149,-0.8330624903771733,-1.0802977280523023,-1.7339505624952187,1.3438307043240951,-0.4789992279225297,-1.827459718849154,-2.0965913995786947,-0.3975616383725401,-1.7420662391363915,-2.2847335456762705,0.22414450374470898,1.8605316235407527,-1.7296166320205721,1.8913920656735712,0.6151651247398693,0.5780067138244835
numHidden 	5
numGenes 	48
minGene 	-3.0
maxGene 	3.0
popSize 	200
maxEvaluations 	20000
mutateRate 	0.04
mutateChange 	0.1
seed 	1585238967894
random 	java.util.Random@5e265ba4
neuralNetworkClass 	class coursework.ExampleEvolutionaryAlgorithm
Training Set Training
Fitness 0.10754859078957936