2.223756830815051,-0.3145614608492173,2.3921387783782544,0.841709055466996,-1.7022106825513696,-1.891479359597211,-1.8200152400975989,-2.405782878974432,1.7759176178437062,-0.21180682854990296,-1.25986297074137,-1.4125078648397995,2.627614120105312,-0.3510045788431292,0.5925263488023013,-1.6069066742028695,3.1472387717588726,-1.9528781057459543,-2.2421224857267696,2.2670104908538935,1.637998890930987,2.699068534054313,-0.9774058802371203,-2.6550729802063406,-1.9878116186798331,1.5444007211326611,-2.6089636896457464,-2.3147528906188564,0.23303596564416731,3.1960009206695212,2.1214163616019075,0.40757909411089766,-2.6003363401846036,0.9292003169246094,-0.5135353975208039,2.241166989335918,-2.609671321917367,0.6467450854123743,-1.9675646266449756,0.45205445649686593,0.3302943771928438,2.429593754156674,-0.7200511263083467,-0.0904340146713391,1.489346658910975,2.7440911500055662,2.3175814876432934,-0.21801408472944508
numHidden 	5
numGenes 	48
minGene 	-3.0
maxGene 	3.0
popSize 	200
maxEvaluations 	20000
mutateRate 	0.16
mutateChange 	0.15
seed 	1585668866025
random 	java.util.Random@5e265ba4
neuralNetworkClass 	class coursework.ExampleEvolutionaryAlgorithm
Training Set Training
Fitness 0.12654541186083734