1.6657184170278199,0.9382270962804126,-0.04248527466145777,0.9926378624692435,0.9189335361185722,-2.2355405247895694,2.1687061449377376,-2.6924534249906347,-0.6055213071921781,-3.134627855787556,0.5867130683583857,-1.502234529292882,0.208478449625036,0.47087801412731234,-1.5178433803090736,2.5324218463732233,-0.564025690583946,-2.6576670807925167,3.073061445239641,-0.4573696025998899,0.8108151572956457,-1.591341650982946,-2.185077513885255,-1.324843535279872,-0.9346419788966319,0.8915114912089557,2.7047197482090692,1.3166415149912751,0.8147972982578082,-0.9304594405489149,-2.253523904929155,2.1296366669664457,-1.6891310494957072,0.6235588253489999,3.5646244816134756,1.3022380040183466,1.847092946242808,2.2337669134866234,-1.9723749653713956,-0.2888326680925749,-0.7073568246773163,3.066952615701105,-1.742059166343815,-2.366314988602506,0.5643521860747248,0.7958890221109113,2.255657206331865,-0.8832307704437978
numHidden 	5
numGenes 	48
minGene 	-3.0
maxGene 	3.0
popSize 	200
maxEvaluations 	20000
mutateRate 	0.16
mutateChange 	0.1
seed 	1585664877685
random 	java.util.Random@5e265ba4
neuralNetworkClass 	class coursework.ExampleEvolutionaryAlgorithm
Training Set Training
Fitness 0.126334361767164