-1.7469219226248056,1.2453621278142237,-3.8862349442740673,2.4242582008051587,1.4507654001943187,-0.6076249937586894,-2.039699482271182,-2.406903502982615,-3.0713746603283694,2.431511337729457,-1.3132580799864202,-2.739010051448498,-0.0809062603617953,2.688864721944556,2.040434175306694,-1.7227654978581741,-2.8037536834341967,-1.27705991776727,-2.8886200176470305,-0.2031696563726694,3.0648139122209566,0.9718202970651543,-0.7447299985543471,0.7808951203412893,3.4361458112031884,-1.4271133110063687,-0.37398404789269735,-0.6279817567020115,-0.8763678088764094,1.6371156837182133,-1.2514643346862675,0.8420068295549813,3.2084499969981364,0.5377012208477885,2.474649584244847,-3.369046643731944,-2.0676401277946663,-1.6620063386842379,-1.885443149735305,0.8555457765838997,0.9176382487664453,-2.7135237715343847,-1.8765317407402322,0.5610198948555049,-0.754909540903981,0.2467350867647375,-3.5024169724006073,-1.174859473377253
numHidden 	5
numGenes 	48
minGene 	-3.0
maxGene 	3.0
popSize 	200
maxEvaluations 	20000
mutateRate 	0.25
mutateChange 	0.15
seed 	1585673042368
random 	java.util.Random@5e265ba4
neuralNetworkClass 	class coursework.ExampleEvolutionaryAlgorithm
Training Set Training
Fitness 0.02167304191159767