1.16071156661013,0.65885061574908,-1.8206165772737677,1.4283085617738855,-2.33644955018947,-1.0800622972901956,-1.3952535596052988,1.6347025165862117,2.453120261427584,-1.6348632041042506,3.376812767810333,-0.49089169310707037,-1.2244959394384805,2.0079445850729076,1.176197154992447,-0.0927365983505205,-0.3990999152214262,0.28993898588297107,-0.5628734014830469,-2.3161583378510735,-0.7560826919766229,-1.3074415654510922,-2.7370058575252143,-2.6307901163382352,-0.354935457179561,-2.1705324097971284,-2.3927001447555365,0.901424037185686,-1.0345296338759027,-3.097688076097839,1.68275895067351,-2.875804813429152,-1.4097654188476034,-0.04460676097998387,2.7984671429910244,2.8580382945778666,-3.133334192059025,-1.294962216778924,2.0496230571395775,-0.5641952577230672,-1.9779763861032975,2.247158518716532,-1.4035831397809473,-0.3347202532985821,0.31124081202884335,1.96175003404417,-1.0316971222499463,2.4405130981287826
numHidden 	5
numGenes 	48
minGene 	-3.0
maxGene 	3.0
popSize 	200
maxEvaluations 	20000
mutateRate 	0.2
mutateChange 	0.1
seed 	1585667028560
random 	java.util.Random@5e265ba4
neuralNetworkClass 	class coursework.ExampleEvolutionaryAlgorithm
Training Set Training
Fitness 0.05179618799197457