-1.1705080742651628,-0.09159336895746434,-0.1186964225303023,0.3887238727331571,-2.7903772604903176,-1.4157680658511556,2.4147493940615363,1.6738196493581072,0.31363099432045405,-1.1398834633700237,-1.3378266558337089,0.044169910041427146,0.49372739295811274,0.572115888913906,1.5823409634301262,-0.7582991456099275,-0.13042601890655803,-1.1815042884934364,0.5857761429995241,-2.9404552485844606,0.7472043132449079,-1.8431378672837226,-1.090567160620672,0.6192422708098767,0.28919205823337624,-3.123355906671876,0.40877167781370727,1.7290548454214614,2.040936131477175,-0.5229060625710191,-1.3968344112341735,-2.885708852860918,1.3769213548020365,0.6243272937675037,-2.8367064752406193,2.8476645389776167,1.8272902442648329,1.8417860613718129,-1.4305824994483034,-0.11769567891989843,1.2290524230472366,1.4068652250031741,-0.05282896582851676,-0.7978435137175657,-0.03226257825497819,2.182305443383776,-1.0472790792841744,-0.8958844950657961
numHidden 	5
numGenes 	48
minGene 	-3.0
maxGene 	3.0
popSize 	200
maxEvaluations 	20000
mutateRate 	0.16
mutateChange 	0.15
seed 	1585668993702
random 	java.util.Random@5e265ba4
neuralNetworkClass 	class coursework.ExampleEvolutionaryAlgorithm
Training Set Training
Fitness 0.12621240271237782