1.8904293650473898,1.1721644314370785,0.09796073206492562,1.1917924957197803,-2.5361185508512047,1.6673307601368634,-3.2258657910660897,1.8822125555309883,0.33494133255994596,-0.055394676866882264,-0.4051146982585818,1.2929210262822801,-0.6020904734572046,-2.336853542309202,-2.4534871055095504,1.2910454087810095,-1.8868902533855714,1.280819397045228,1.4231359828893915,-1.2546447874483753,1.6331470251319118,1.6582377135204611,0.47170117215203833,-0.15552148503883334,0.7248875267398045,-1.2405865977244819,2.819307903014767E-4,1.0911644380555074,-0.6449820654250598,1.292949728448888,1.031398378275977,0.2725807066827137,0.6566536000506016,1.5966935030654295,-0.47455973794546846,-2.990633094176839,2.2815712940738333,-0.28475115169539067,1.83014031039934,1.726400463094163,-3.382743299153239,1.45373891610519,4.330401198908292,-0.43403314018679584,-2.4899408231603717,4.212686150854975,2.778639010006642,-0.6207411639556697
numHidden 	5
numGenes 	48
minGene 	-3.0
maxGene 	3.0
popSize 	200
maxEvaluations 	20000
mutateRate 	0.25
mutateChange 	0.25
seed 	1585609452164
random 	java.util.Random@5e265ba4
neuralNetworkClass 	class coursework.ExampleEvolutionaryAlgorithm
Training Set Training
Fitness 0.1255879062378244