3.226012420543653,-1.343269924671159,1.6764084669979695,-2.84784085940623,-2.4880337076308576,-0.6596040820257807,-1.751017872524712,-0.42503278968963354,-3.4442838315492184,0.258132363678814,1.6395027229989818,0.7125635912959729,0.15598654006706703,-0.670458468704002,-0.9095874844448684,2.3063524340003605,-1.5745730943771594,-2.755721980853422,0.35090432802893856,-1.9387296242474963,1.669780089521553,-3.179664636677275,0.8843325887346447,2.0198073091043725,-0.471805398272795,-0.43720780079305666,2.3026800125312947,-0.7083915195506894,-1.0123412919158445,1.254257198978502,3.0267991434771133,-0.027174455992952762,2.3278897707262995,2.2109841615892005,0.45825717710541714,-2.0141328671894105,-0.3161247945232457,-0.4211358096277258,-2.576780860593562,1.6541881585373783,1.7316184826327925,-0.7787643890946363,0.31091702872703575,-0.4017651243906286,0.5085031943892382,-0.38431324921702004,0.9288614489156082,0.24765343479030832
numHidden 	5
numGenes 	48
minGene 	-3.0
maxGene 	3.0
popSize 	200
maxEvaluations 	20000
mutateRate 	0.25
mutateChange 	0.25
seed 	1585608076432
random 	java.util.Random@5e265ba4
neuralNetworkClass 	class coursework.ExampleEvolutionaryAlgorithm
Training Set Training
Fitness 0.012784291222461112