-3.049900401672435,2.7121468619248277,1.9681051099150562,-0.3385285079059954,-1.7523530195169743,-0.5885981595485683,-1.3499121072100515,-1.4718318669142794,-2.056558858823499,-0.7246235987311823,1.404624053117987,-0.8576091994595318,0.4381727971478946,-1.9944791225922005,0.9800082059691236,-1.5905381821794526,-1.7586646755630788,2.772271300074707,2.03736389354392,1.9960553530471317,0.09408853935398173,-2.2272741736216113,-1.5164999939160702,1.9186601864967447,0.34665131303979707,-0.39342102071095564,-1.8379009517781797,0.48393623706964983,-0.7647698940339452,2.714834869697423,1.9464848498580896,1.4409158300977265,-1.9781509030345537,-1.346451266507836,-1.0106694461412633,-0.2235191742530583,-0.8336904189497729,-1.8099105742785182,1.7842730475289597,-1.555466170381429,-2.407136593464187,-2.7878593796460143,-0.018486108186053368,1.0657655824696706,-1.904955253798744,-0.27009904812470875,-2.5259083716636397,0.16890440350075006
numHidden 	5
numGenes 	48
minGene 	-3.0
maxGene 	3.0
popSize 	200
maxEvaluations 	20000
mutateRate 	0.04
mutateChange 	0.1
seed 	1585237943104
random 	java.util.Random@5e265ba4
neuralNetworkClass 	class coursework.ExampleEvolutionaryAlgorithm
Training Set Training
Fitness 0.14909110483274343