0.49130988733301706,-3.0297296539692633,1.4233020059624275,-2.564501479027996,-2.9195453937295097,-2.18961288984518,-2.5592608745621312,-1.3887440576045984,-0.39714427457410606,-1.6464865523483434,-0.14462284632519662,-3.1290167688743495,0.5128787431912765,1.7150556383329105,0.301088865082753,-0.9921235744728001,0.5603945115099704,-1.7295596331159722,-0.11446610699636928,3.5072562975340507,-0.9104283324371347,0.8116013690607788,1.101551674005687,1.7854664614761466,-0.6723733803357617,-1.3089725501110845,0.8417642366873626,-0.020464391917818237,1.9598571577316939,-1.3386791423378797,0.9445482071399569,1.0883244835869652,-2.8396681499258642,-3.4618682047171117,2.541335921639245,-1.3454516477484082,-1.9418443494660163,-0.5782380224608774,-2.2455001330810944,1.0032408085688909,-2.1327235064487224,-0.99235108680009,-1.2381254781645046,-0.18410694815161133,-1.4066525127805285,0.7483637331832078,2.8982630708322388,-2.2293228458286043
numHidden 	5
numGenes 	48
minGene 	-3.0
maxGene 	3.0
popSize 	200
maxEvaluations 	20000
mutateRate 	0.25
mutateChange 	0.25
seed 	1585612346243
random 	java.util.Random@5e265ba4
neuralNetworkClass 	class coursework.ExampleEvolutionaryAlgorithm
Training Set Training
Fitness 0.03824994034232364