0.07797671803766767,-2.2417203672365047,-0.9042206408005423,2.4017634514124118,-2.523040211301708,-1.6809829108330754,-2.8634988442669487,1.83786652728896,1.3021819277658127,1.857507071518349,2.8780330586991876,-2.800378404300542,-0.6055190182718041,-0.3082613379918504,1.788885218381009,1.5614478332316568,0.048685052909243604,2.096266546791801,-2.159263641930744,-2.0697173232436334,2.7301508765803675,-0.681155949726572,-2.137657214588113,1.8389659885348775,0.31804142412703884,-1.8930603601837561,-1.1690595965791057,-0.24422445127078785,1.19393277219145,-3.197720850672329,1.4498068832152193,-2.6858457069142117,-0.7361267612968114,-1.6622756520948136,1.6587025325570033,0.8615915683940769,1.4366267977854812,-0.4155209803914177,1.7594512977006462,0.7590421336155315,0.10122359261765154,1.7162318070716869,1.936871868134936,-0.15395474591236433,0.49819559662038815,2.3614902205678687,2.4390170140290657,-0.040603752772333745
numHidden 	5
numGenes 	48
minGene 	-3.0
maxGene 	3.0
popSize 	200
maxEvaluations 	20000
mutateRate 	0.04
mutateChange 	0.1
seed 	1585238868855
random 	java.util.Random@5e265ba4
neuralNetworkClass 	class coursework.ExampleEvolutionaryAlgorithm
Training Set Training
Fitness 0.09676816067688396