-1.4346878935571667,-0.3861985274668659,-0.403080641984658,-1.1778625874097155,-2.2315111640167147,1.9232409071237342,3.4888541303572205,-2.012164438665691,-1.5925204292116397,1.6418628584932353,0.4628512889036389,1.51454772035898,0.9704056807732958,1.2151828537284812,2.756270708487159,-1.9362434326000084,0.9970494651805254,-2.9132325364091773,-0.9065240132104496,1.7462669580340626,1.2616330644219862,1.4313416822792502,0.6378925868084361,1.7846170569132376,-2.1250590701969467,-1.1165837136879173,-0.7879633516137571,-0.33880713221978076,-1.6173748000912633,-0.20126805403717254,2.6699697054068445,3.739140730351026,-0.1263496289757963,0.7322950383080328,-2.462494732296726,0.8334115541670502,1.837436172891017,0.5007664142192201,-3.1961600873465015,-0.2129985169919603,-1.179627339321673,-1.13155040636024,0.15415353351649355,0.1726897394656738,0.9319856952425787,-0.6448930521293953,-0.17392748057776788,-1.8066921011949284
numHidden 	5
numGenes 	48
minGene 	-3.0
maxGene 	3.0
popSize 	200
maxEvaluations 	20000
mutateRate 	0.16
mutateChange 	0.15
seed 	1585669190652
random 	java.util.Random@5e265ba4
neuralNetworkClass 	class coursework.ExampleEvolutionaryAlgorithm
Training Set Training
Fitness 0.051264652961564364