-1.032210689100927,2.2426904865960338,0.05809444427301241,-1.272442973744073,3.188887579753136,-2.227188855593383,-0.551087117194323,-0.044718405591591376,2.748668622755688,3.191577883436528,-2.207122942299759,0.3179479143961581,-2.3807354601469597,-0.9088093527208428,-0.6329703517050963,-1.6974013544435829,-0.24393703118639856,-2.518949620824399,0.8229960437387486,-0.22822064521642274,0.9620648137905046,1.9913668846461015,2.167063565233145,-1.22173752500455,-2.786081118228296,0.6545106665288297,1.5747114552267885,1.9609973736712556,-1.3788494527215027,1.8466144511526088,-0.11652449320969227,1.2309019065840454,-2.91149368591007,2.1633119815635498,1.160832168899398,-1.5926303055452125,2.6303900833816263,-0.24883184241215414,1.8356707018371377,1.4982916405600468,2.224594194676067,2.3167755195794055,-2.038493794575336,-1.870133621969786,0.9451480060739286,0.037334418400214814,2.0880199797838666,0.3606943962679241
numHidden 	5
numGenes 	48
minGene 	-3.0
maxGene 	3.0
popSize 	200
maxEvaluations 	20000
mutateRate 	0.04
mutateChange 	0.1
seed 	1585239225414
random 	java.util.Random@5e265ba4
neuralNetworkClass 	class coursework.ExampleEvolutionaryAlgorithm
Training Set Training
Fitness 0.09883670322508394