1.9331578554021265,1.1168811133129228,-1.3968970574852477,2.1550682072600793,2.059900534099256,1.7399892640242118,0.21615709614296108,1.0352975605352217,2.0381380962317124,4.396446617121268,3.8789766497416567,4.713780219235826,-2.654891009142253,-2.198473956350723,1.9740028628758317,0.80258957997055,-0.36049464469670056,1.7432801163803457,0.09210192115546789,4.947832580881571,-0.5849618492915727,-3.3168746052130444,1.9172159771109314,-1.7319987792014757,-2.735041867277543,-0.4469024357699445,1.7718767579482293,-0.8098652045355852,-3.649170988145488,1.4247466337531138,4.021340969012662,-2.4726518239144526,0.5986039600517632,-0.5762069724094872,-0.8672985779112259,0.005410004740324936,-0.7922030212471589,0.29697822775108484,1.9580138395323101,2.170588819233453,1.9358438634117983,1.6112080152459445,-0.9249460959441209,-0.8671148274210623,1.9368913028316932,2.2484999248969872,2.448339744705706,1.3149993185828857
numHidden 	5
numGenes 	48
minGene 	-3.0
maxGene 	3.0
popSize 	200
maxEvaluations 	20000
mutateRate 	0.25
mutateChange 	0.25
seed 	1585242137273
random 	java.util.Random@5e265ba4
neuralNetworkClass 	class coursework.ExampleEvolutionaryAlgorithm
Training Set Training
Fitness 0.014263528874067143