-1.2141537198742154,-2.382529949858713,-2.1688888676505718,0.8346673197917979,-1.4313994979663074,-1.8893608087112694,2.615672860896798,-0.2367765978053958,-2.7152036876419223,2.443999493971574,-0.19136547628530573,-2.2923609438729833,-2.3927353781685388,2.5826879252051747,-2.7112287076395254,2.798957628930665,-3.078664044368292,-3.1392281910873345,-2.376779666707921,-3.0759660639911894,-1.9495989352126508,-1.0760076131448826,1.5024585617822805,1.5639713530213726,2.91684145534739,0.23626873062837606,-1.6002688939168932,-2.4033185198153664,0.3870992902994298,-0.48574141942400895,-0.40040253087764455,-0.2028051155287752,-0.8741770453120652,-2.4476844565676403,1.8351820617262264,-0.4638481622435535,1.097702052075587,-1.8642671705661948,-2.893860550521822,2.481195387906205,-0.7932282737091244,-1.986793562922485,-0.8807358311897795,2.2477902775994805,-2.048357208385547,1.810001314109312,0.6010992674756652,-0.6747171826274427
numHidden 	5
numGenes 	48
minGene 	-3.0
maxGene 	3.0
popSize 	200
maxEvaluations 	20000
mutateRate 	0.12
mutateChange 	0.1
seed 	1585662637065
random 	java.util.Random@5e265ba4
neuralNetworkClass 	class coursework.ExampleEvolutionaryAlgorithm
Training Set Training
Fitness 0.0927787395635082