-0.17582632761311467,-2.4294459858775146,-0.7083044610891154,2.8844948463118554,-0.8911927719964226,0.5372377297935493,-3.542696825252504,-1.2964284784477762,-3.284477713503123,-3.481021281217442,2.003043704161061,-0.14478861869299475,-3.093856552089644,3.133755981784369,2.2420898850071946,-0.5411203487572793,2.5664503815076314,-2.0622781344842216,0.9740394836774211,-3.133367617713856,0.5030718971359569,-4.227886060121156,1.879353861037539,2.2165738026440147,-2.9674397661158616,2.272571525713637,3.9731582990041954,-0.5628594794507054,-0.7265250826970933,0.3965093961409889,1.9306004537763455,-4.298581207945928,-1.4730882515774901,-0.591816165563821,1.164319864790066,-0.7415644990978651,-1.4569758771397798,1.0325735320952694,-2.4595573453508797,1.6835997546880241,0.3206917275421608,-3.5518215130208928,-0.4371263538064636,-4.3567982317038,-3.1253974791012418,-1.3146734592857792,0.23651917817813306,-0.4918834048137528
numHidden 	5
numGenes 	48
minGene 	-3.0
maxGene 	3.0
popSize 	200
maxEvaluations 	20000
mutateRate 	0.25
mutateChange 	0.25
seed 	1585608483412
random 	java.util.Random@5e265ba4
neuralNetworkClass 	class coursework.ExampleEvolutionaryAlgorithm
Training Set Training
Fitness 0.013099446490248771