1.1228953830957527,-1.348433638517866,-3.216699310327927,-0.8580143520966083,1.5947642883481334,1.861012942510206,-3.045675107803633,-3.2696355805528388,-3.247890508681233,2.874080435085688,1.8235528376889611,1.9972207106386892,-2.994206952765508,3.3634189492745534,2.5936427114293292,1.8944423398150398,-2.461601881786708,2.5519817791147785,0.007625650597675476,1.8379345474083717,3.039647865910479,-0.4171308494076795,-0.38484700250323745,-1.5198287171208575,1.5813447021363918,-0.9506620115536671,0.4712511234883453,0.21781604936009522,-2.7490870945939943,-0.49279824761730995,2.1075627936928383,1.2758541664115621,0.4887913958361111,-2.345956365835653,-0.33902368916084746,-1.77352388043895,-1.1613963904700115,2.1559443989831557,-1.173039103709806,-0.14475009895025046,-2.079802203565263,-0.6745290728556695,3.1248547622416583,-0.021086007947990565,0.3743257661435895,0.11522104843631098,-0.8802286575424081,-0.4515764845230752
numHidden 	5
numGenes 	48
minGene 	-3.0
maxGene 	3.0
popSize 	200
maxEvaluations 	20000
mutateRate 	0.04
mutateChange 	0.1
seed 	1585239534793
random 	java.util.Random@5e265ba4
neuralNetworkClass 	class coursework.ExampleEvolutionaryAlgorithm
Training Set Training
Fitness 0.030377691573750077