1.4727926344900641,0.20912835963479656,2.055215128663872,-0.21322115402104005,-0.2987699874009354,-2.493861517266473,1.4257898652731358,-0.8917281451127526,-0.6076502570192595,1.8404827980249419,1.423798086923639,-1.9285982117605263,0.8511284401079593,-0.25042448629194847,2.2589424352702823,-1.7207492572559002,-1.9844654976048477,2.8674982964215348,-0.6120724386223185,2.130575657394611,0.5884212566872052,2.7434550638062483,0.6223332300281426,0.32749370823189833,-0.9562344556690432,2.9937625737522637,2.208290263538123,-1.9661649386751074,0.36300275376281743,2.8598249176052213,-0.14617807648689657,1.968918427294692,1.169317173335502,0.8160257048262919,-2.9144176976150233,0.536733685927083,0.9273550914183987,-2.169546177841094,-0.4899281902354127,0.693257585562883,-2.237061529069664,-2.2721323781311016,2.8352790188098678,2.2448567939696003,0.9319674842610416,-1.4617200873355318,2.077050165809921,-2.3515307100115264
numHidden 	5
numGenes 	48
minGene 	-3.0
maxGene 	3.0
popSize 	200
maxEvaluations 	20000
mutateRate 	0.04
mutateChange 	0.1
seed 	1585611740620
random 	java.util.Random@5e265ba4
neuralNetworkClass 	class coursework.ExampleEvolutionaryAlgorithm
Training Set Training
Fitness 0.13779274455077412