-1.1143369338155313,2.724280730730163,-1.9953719882757324,2.2137442424139553,-3.718331060935831,-3.189865233298225,-0.6022289115408446,-0.5473551322250932,1.146412252013294,-0.20839120578065248,-0.4677407558709066,3.9564531936329552,-0.8911907334770233,2.4739419490533554,0.3100393971263039,-2.018968744256868,1.78228668393545,-0.686898392119725,2.058283414029993,2.2996016777577317,2.2445079902173477,-1.0914165180251527,1.0685107804858904,0.0863459236835924,2.751121603308235,0.36928400847198206,-1.2303224282954788,2.526680728256023,0.9466074779596855,1.8439344585966952,-2.339385728143486,-0.21230456168497638,-4.4932213306048885,-0.9865512145718013,-2.957576831337382,-2.0181540004223746,2.106481884152632,-3.0641042618185583,-0.7058172435214957,1.3441059789267613,-0.9474791238755332,2.4156653612599692,-0.1744598047450183,1.1173874157361492,-0.04418147357710697,-1.5632423653790097,0.01750947358596236,-1.6968465502347025
numHidden 	5
numGenes 	48
minGene 	-3.0
maxGene 	3.0
popSize 	200
maxEvaluations 	20000
mutateRate 	0.16
mutateChange 	0.1
seed 	1585665602670
random 	java.util.Random@5e265ba4
neuralNetworkClass 	class coursework.ExampleEvolutionaryAlgorithm
Training Set Training
Fitness 0.05231072736729193