0.5120418443465792,-1.837626037405006,-0.5200142919899914,-2.062758051949905,-3.1392471218445896,-1.6066984172697072,-2.9708647197709293,-0.20338559820215515,-0.16293713854771727,0.6814901208964044,1.6592493756605702,1.9778485018034715,-2.503364221127523,-3.073734740451678,-2.779158290701946,3.2472739495213427,-2.1247250911740196,0.6642599934312818,0.6596646407839971,-0.8883725123538158,2.02982228476102,1.0914624851527162,-2.6976154015825164,-1.0339896786316416,-2.4321273748357637,-0.9229555075580158,-0.2688868707920259,-1.4525160523847007,-1.3938653832882082,0.020027923324827585,2.727059350740972,-3.209515868859841,-0.22499583686211144,-0.13803567921527587,-0.41495521095010446,-1.2639066756978636,-1.3478498210116856,-2.2815942967642737,-1.0903864941621495,-2.9094335015236545,1.9606477222100724,-0.47094111586244314,-1.0000481314546321,2.959370053674654,-0.3925721317389984,-2.0488788968638714,-2.4851858838415235,-2.1986502186826002
numHidden 	5
numGenes 	48
minGene 	-3.0
maxGene 	3.0
popSize 	200
maxEvaluations 	20000
mutateRate 	0.16
mutateChange 	0.1
seed 	1585665308322
random 	java.util.Random@5e265ba4
neuralNetworkClass 	class coursework.ExampleEvolutionaryAlgorithm
Training Set Training
Fitness 0.018207333857899115