-0.5083893045750357,3.2018309199397534,0.831703829559614,1.4122358518020155,0.08136992800831866,-2.7756541053915633,0.2691594378681037,2.6365639079734353,-0.17731976581268025,2.8629646669711675,2.580196872204691,-1.154653735226943,2.5617415691357572,-0.578230781755046,2.4414203836475163,-0.15278537194248434,-1.719599420418678,0.8892015941977125,-1.7107603449130182,1.6810049224949433,1.4571351113334312,0.9852418799915313,-0.8235509009714227,0.5225355605230972,-0.24066419903524047,1.5189479604061593,1.1391021868457227,-2.0691074086739403,-1.0845892545257074,1.5700146095512362,-2.3233024450707407,2.7695574364991837,-1.9539074346334102,2.3482464545450688,2.3733013762411126,0.12170202748986786,-1.5473087590050707,-2.087426109066592,2.4993390027696516,-1.7095384057479617,-0.434106256902955,-1.6535261014932645,0.8333997846286836,2.633973449149345,-1.1479298830202476,1.2893932955899667,0.030507963506530622,2.9314627696929434
numHidden 	5
numGenes 	48
minGene 	-3.0
maxGene 	3.0
popSize 	200
maxEvaluations 	20000
mutateRate 	0.12
mutateChange 	0.1
seed 	1585663143304
random 	java.util.Random@5e265ba4
neuralNetworkClass 	class coursework.ExampleEvolutionaryAlgorithm
Training Set Training
Fitness 0.1251734667894211