1.4542579486441782,-0.7989605352090507,1.0563540485645113,1.4027628623494708,-0.2942630423701273,-1.9074805950227416,1.7931637172708805,4.443519297751955,-3.1389550080373168,-1.3772067318589798,1.4905677510268445,2.469618332788831,0.8352335983564334,2.1802951334751786,2.48840333526619,2.035590598451337,-1.930433069907023,1.241873452219024,-0.7860130930753528,0.6739776093014391,-1.1207271297652361,2.1551842357105224,-2.9147390384129577,3.804211410579165,1.2439531229439957,-1.3937064031459685,3.096655192282584,-0.3203967481535139,0.5569971880581861,-2.967512629569686,2.3811587310412294,-1.6669760413709178,-1.9109829817604018,1.1008318106630361,0.7995162825565678,2.411156825447752,-0.7035085079874197,-3.1289234433414497,2.9023880020874966,2.5539998402369424,1.4204819045723613,-2.202961279280976,2.243729887621095,1.1805918053348974,0.6714508555427514,1.8936529453254092,-2.4064214753061135,-2.01626695346602
numHidden 	5
numGenes 	48
minGene 	-3.0
maxGene 	3.0
popSize 	200
maxEvaluations 	20000
mutateRate 	0.16
mutateChange 	0.2
seed 	1585671326385
random 	java.util.Random@5e265ba4
neuralNetworkClass 	class coursework.ExampleEvolutionaryAlgorithm
Training Set Training
Fitness 0.02953732227451362