-3.1616685129385558,-0.7674935945259657,-1.2739890685909052,-1.1526531976689196,1.4242423811390763,-0.4870315448312208,-2.1719256125005058,-1.1193176741265687,2.082107472611894,-1.8811991634759788,-1.728337513827161,-1.2936201334804285,-0.12133109352878857,-1.532744170370598,1.589339058839367,-1.425284774116813,-1.601190982735097,1.4366719832003927,2.5306695641238077,-2.6762109536447776,1.4669063751424827,2.503176612668337,1.2002140003691162,2.5564813333439225,-1.04633941688385,-0.6445292971034716,2.4837676406623177,-0.10354291204991908,-1.242561624150302,0.0067261547804357835,-1.4201711007133166,2.474872995468868,0.40192505815804036,-0.14026407254398648,0.6497585308250617,1.9302914542017304,0.7320990807668072,2.9060665108397385,-0.615920395294275,2.2226688736582427,-0.9817141830819048,-1.0479283586610944,0.7538506959925642,-1.2318555113104324,-2.9067249289997923,1.2642354421380029,-0.4249695949409382,-2.905284821880295
numHidden 	5
numGenes 	48
minGene 	-3.0
maxGene 	3.0
popSize 	200
maxEvaluations 	20000
mutateRate 	0.08
mutateChange 	0.1
seed 	1585662113490
random 	java.util.Random@5e265ba4
neuralNetworkClass 	class coursework.ExampleEvolutionaryAlgorithm
Training Set Training
Fitness 0.016938118386869455