-0.6064892806190014,2.4568442485798228,-2.8444192759313798,0.07137849476014474,-2.814237589487587,2.583714529496813,-2.3531568043592417,-1.8017744705277112,2.3201139683370036,-1.080717875515193,0.7816910818653644,3.4175617537091956,3.39036989674522,0.687991867270119,-0.45822336954301507,-3.745249931568993,-0.4092122622919227,0.974909243990395,1.3251574529431205,3.2712685926669893,2.384507476542632,1.0175153673672206,-0.699467255264574,-1.9702834968745437,-3.0295520406650045,0.005616107468740916,0.8940685147926903,-1.79058783258505,0.07697295280879002,-1.8695277857621406,1.6431765702957364,-0.7505738169884457,-0.8303749941173422,-1.682393482242405,-0.9456593825735327,-1.2169979116376994,-2.493300396716945,2.058610723128721,2.292324723568098,3.501925579675807,-0.5895764095431089,4.025629407023386,-3.0941714784062757,-0.2484835322031892,0.442981706619375,-2.0919392779337045,2.95988798359308,3.3065207872789744
numHidden 	5
numGenes 	48
minGene 	-3.0
maxGene 	3.0
popSize 	200
maxEvaluations 	20000
mutateRate 	0.25
mutateChange 	0.2
seed 	1585675830470
random 	java.util.Random@5e265ba4
neuralNetworkClass 	class coursework.ExampleEvolutionaryAlgorithm
Training Set Training
Fitness 0.09433489060426345