2.768343094824801,-0.776560711315601,-2.1692971752806187,2.5498069451199763,3.533662020946614,2.3307244906307627,0.8957908623095658,1.8652201875261194,2.2220338994719926,-0.4766001413195706,2.335595012446035,-1.4653511106078865,-1.391968613543038,0.8192414451594021,-0.7670850464760748,1.2368096950693452,0.4944082849072027,1.844142782497297,-2.2875158094578802,0.2222166100566172,-1.5022251246818272,-0.9709459547328732,-0.5885985650195211,-3.114394664137879,0.43258940064155826,-0.17534074344502404,-1.2828395330471125,-0.010026127450887046,1.0045896869064599,-2.429797298869725,2.5654531263170224,-2.5606044235715064,2.4837677688076845,-0.40376155204038944,-0.8573412130947355,1.534870914033763,1.9234776735304484,2.7719350788936588,3.5781596266499474,2.6220915836503123,-1.4237500528437241,-0.47407246206117737,0.38936363100243554,-0.2978996003449401,-2.8216289964279455,2.375567042414211,-0.6924533042378131,-0.8245586307226596
numHidden 	5
numGenes 	48
minGene 	-3.0
maxGene 	3.0
popSize 	200
maxEvaluations 	20000
mutateRate 	0.25
mutateChange 	0.25
seed 	1585607002054
random 	java.util.Random@5e265ba4
neuralNetworkClass 	class coursework.ExampleEvolutionaryAlgorithm
Training Set Training
Fitness 0.040401414660695335