2.194053903212689,2.78091327948726,-2.3119795209684537,1.279526645354446,-1.6148990597274455,2.169255103790838,0.9748614698969571,2.0730444428346306,2.702499432606018,2.941595449645215,1.2109557769746067,1.3319179724644803,0.46976819702524875,-2.835736980162351,-3.3561324856337036,1.2416771237264514,-2.3372603684062696,3.30487956269371,0.48754948223673633,-1.2834943649192856,-0.7985010702477764,-0.6195910631713244,-1.653826242323532,-1.220152706526492,-1.35804743638705,-0.14209652087578872,-1.1694750164819046,-0.37189861067429897,-0.4522797544996746,-1.3747271716974798,0.5294941589456128,-2.7124993495961007,3.9461035651509464,2.769315477838971,-2.65899274680397,-2.0870592592458403,0.08242089350291204,-1.2443188033901766,2.4460178522287706,-2.146301680769974,1.93505333813079,-0.09964946694162613,0.9259916723494133,2.874650252291378,1.8890882542024068,2.254640035081379,-1.0713932134743422,1.3727760990155513
numHidden 	5
numGenes 	48
minGene 	-3.0
maxGene 	3.0
popSize 	200
maxEvaluations 	20000
mutateRate 	0.25
mutateChange 	0.25
seed 	1585613173795
random 	java.util.Random@5e265ba4
neuralNetworkClass 	class coursework.ExampleEvolutionaryAlgorithm
Training Set Training
Fitness 0.029532483500724026