-0.2796692742817448,-1.0028089716406632,0.05158898096486553,2.1562913634293626,-0.3369484288965383,2.5763437101866256,-0.7566897755700657,1.274424691429208,-1.614002452027664,-0.38332291391981865,-0.6767674068729912,-0.4836195400890486,0.25648289756818254,-3.1911669362247284,0.7020596946272808,-1.5591588360615127,-3.172608763835692,1.6392450324295629,-2.7656039333732565,2.669836104091793,-1.055777473817023,0.7960849230747664,-1.5564656329105588,3.8209300122941503,-2.599590440835801,-1.0371799109275668,0.47551165320551547,3.441368323790142,1.0629624216617994,-2.215768750376943,-3.0894527783085817,1.86477686647072,2.0994813989443735,0.4830999920972179,2.362708686567255,-2.3018850029965283,0.8340681675753201,-0.013361251795696472,3.2888898032773337,-3.3788040587935644,1.8436438763316785,-2.259909778977221,-1.1440856626009788,0.09319456790942038,0.4276712896915691,1.3907842002307165,-1.6701837125103385,0.9101754356994647
numHidden 	5
numGenes 	48
minGene 	-3.0
maxGene 	3.0
popSize 	200
maxEvaluations 	20000
mutateRate 	0.25
mutateChange 	0.25
seed 	1585607148710
random 	java.util.Random@5e265ba4
neuralNetworkClass 	class coursework.ExampleEvolutionaryAlgorithm
Training Set Training
Fitness 0.09484481603054895