-2.1938438654061923,-1.6835042273154222,2.4959388556853543,1.7340528711209675,-2.5008935128482266,-1.053499994042693,-2.0482659395419365,-1.1005687692399495,1.572322157008264,1.7217724943694233,-0.11035136269264623,0.08225876980569602,1.1348411805453402,3.967525557577752,-2.285467763982236,-0.758324867036857,0.7720679128110719,-2.9658129104308752,2.3795990834893272,1.2383936697631963,2.6102298647643094,1.472890857516596,2.979550197800725,2.4193538776859125,-1.3096133868198858,1.7122940146495491,-1.2699399950175183,2.0390942324188037,-0.45258177390166665,0.20743010816678753,-1.2373596520627137,2.1858694012701454,2.08960048341219,-2.805400359434041,0.4034514985220454,0.2333716193553319,-0.47730363742288073,-1.7867268962851255,-1.7439669754594695,1.3419903997461473,-1.2996837561958272,3.185023692854716,-3.297371591883263,2.4168209841162334,1.5400609725084111,-0.15566926889826016,-1.225531453371909,1.0512855201334865
numHidden 	5
numGenes 	48
minGene 	-3.0
maxGene 	3.0
popSize 	200
maxEvaluations 	20000
mutateRate 	0.16
mutateChange 	0.25
seed 	1585773410325
random 	java.util.Random@5e265ba4
neuralNetworkClass 	class coursework.ExampleEvolutionaryAlgorithm
Training Set Training
Fitness 0.01715908343727288