2.2238305961131752,0.9055574362542569,-1.2706671053073382,-2.887156031394161,0.6800652349702414,1.9166049335079518,-0.05881882306272476,-0.3155207933438152,0.6409836819187015,-0.9634094157018399,0.787519547061172,-1.618018592260986,-0.8685381589513557,2.4722909335403926,0.4475124549151456,-2.6250815663255835,1.6056784295262414,0.12156026648224216,-2.023302225193898,-2.0714515699780867,3.049727724402963,1.9593285319808071,-2.9839819600984523,-0.30306208502973464,0.2642787158996791,2.0494561971112377,-0.08981013312133168,-1.5981585610875544,-2.0939225717976027,2.5748169507491907,1.2030746206139318,-0.7792287402141993,1.9167001025784556,0.08696311334760498,0.2210734712757752,-1.7395861397637722,-0.5959313118969899,-1.3267866540134208,1.8864297550915992,-1.2682105423844106,2.1668580207408468,2.6229856381471155,-1.4793204652006164,1.0712820618734482,-1.635976888620014,0.34668515030041736,2.104352026119197,2.2669022954285167
numHidden 	5
numGenes 	48
minGene 	-3.0
maxGene 	3.0
popSize 	40
maxEvaluations 	20000
mutateRate 	0.08
mutateChange 	0.1
seed 	1585136745988
random 	java.util.Random@38a70fab
neuralNetworkClass 	class coursework.ExampleEvolutionaryAlgorithm
Training Set Training
Fitness 0.260252613328099