0.20008210122674486,-1.4145278231288185,1.7678417458483402,-1.055504092046937,1.2152157153712393,3.145187345742646,-1.8943420112069003,0.8045583156167062,0.6584894612845091,1.491417536887833,1.6431070014990468,-1.548927913968126,1.7963251513693406,-2.384970808647197,-2.2200178555691807,1.0175979936756177,-0.6414350616131186,-2.0409939535143145,0.4708456404948089,1.2278987535463894,1.7554743135321278,-0.9202463189804342,1.7713160408929447,0.10758203280575263,-1.5012823345896436,-0.6778027210297561,-1.4911609793331646,3.470817960890683,0.46507642527660487,0.4110765606726221,1.307192827524366,-0.029653796949930644,1.4651801059480247,-0.8188467180700414,1.6733176676118653,-1.6466079036673484,1.4374415504637392,-1.23237838827349,0.4160852626953604,-3.0488905950089356,2.2950111609026997,-2.3520939161180765,0.7656814163361307,-0.3363551017735533,0.9659961761957003,-0.8971858266822741,1.6306012365810787,-0.9246505793629054
numHidden 	5
numGenes 	48
minGene 	-3.0
maxGene 	3.0
popSize 	200
maxEvaluations 	20000
mutateRate 	0.16
mutateChange 	0.25
seed 	1585773259424
random 	java.util.Random@5e265ba4
neuralNetworkClass 	class coursework.ExampleEvolutionaryAlgorithm
Training Set Training
Fitness 0.03192648999904412