-0.7781654482001876,1.1079987448665842,-1.3335283882944822,0.8989617947846114,1.4111909303376216,0.5442477930731968,-0.9624842340442159,3.079408109051627,-1.8528985063507317,2.4106664576212378,-2.6972902541725157,2.202479042359058,0.474020486307964,-4.278288512539223,1.4288938840051006,-1.1348283365425775,-1.6694020802399159,1.9024357059300216,-2.344022448837264,-0.9140745774746275,-1.3524803416294284,-0.3416124377392453,1.156520481977965,-2.2885861341341736,-2.678439900313209,1.4482712605196486,0.546468426379533,1.9047015175719029,-1.4710825011035373,-0.34914542802144233,0.32242515004139793,0.5982501029356388,-2.137605380933544,-0.9765205061003188,-2.8339289254382978,-3.3551319289701445,2.235962935247798,1.4928837894996452,2.109076180616672,-0.8131954669848094,-0.6032595692830967,0.6999042537779623,-0.7079098898078451,0.9878022090069933,2.7183924872643486,0.03799036699636904,3.479123103967546,0.6350270506776288
numHidden 	5
numGenes 	48
minGene 	-3.0
maxGene 	3.0
popSize 	200
maxEvaluations 	20000
mutateRate 	0.25
mutateChange 	0.25
seed 	1585605846254
random 	java.util.Random@5e265ba4
neuralNetworkClass 	class coursework.ExampleEvolutionaryAlgorithm
Training Set Training
Fitness 0.12523976035134501