0.18049652670584646,-1.0224865025429832,1.1817680455666255,-1.7235372708401138,1.9360207259322912,-1.05711255368982,1.155082674371159,-0.8700656837167924,-0.6023255337557144,-1.6858623505110013,2.461950175374735,-2.7803072936708793,-0.8166225108156985,1.036958967510182,-2.181734544510951,-0.2489210822903367,2.348674420552817,-3.180843893358637,0.5590317953254518,2.2057950440661704,2.011252276962822,-3.2059177028380237,-0.36999069383207794,-0.9868699358006378,-1.106735968557742,2.838736401518479,-1.0607927302480396,-1.001116664274263,2.0271505070156675,-2.787188214787727,-1.4519131108310936,2.0671489256329676,0.8358839834695194,-3.3653961007602073,1.091331087873512,2.6134839440667363,-2.348704524121236,-1.7532070045689316,-1.5894771809620327,1.398842733706435,-0.2256222404950957,-1.450276632521894,0.1710509224147003,-0.5679805659646867,-1.5908063900054141,-0.20808283653164353,1.703056225661555,0.1141991702987038
numHidden 	5
numGenes 	48
minGene 	-3.0
maxGene 	3.0
popSize 	200
maxEvaluations 	20000
mutateRate 	0.12
mutateChange 	0.1
seed 	1585664279162
random 	java.util.Random@5e265ba4
neuralNetworkClass 	class coursework.ExampleEvolutionaryAlgorithm
Training Set Training
Fitness 0.12069268336664025