-0.45154364170068795,-1.9744731029908404,0.643568471860814,-1.6614098112092954,-2.5126950208224863,-1.3225159460477458,0.21200442841317443,-1.579055206194175,2.9311157064977658,-0.9434789436230606,-1.9568166353310361,-1.2562103040077293,-0.24888589712557194,2.763058183921686,0.9624198397666942,-2.7709873217541143,1.4355328165463477,2.7506538955646356,0.043111912668936686,-0.167568095728133,1.694481866538668,-0.569880171626651,0.7987174175797679,-0.11424596586776142,-2.1961282252183616,-1.4502170894079016,2.606697412707313,-2.3699941642282276,2.824901357709027,1.9543245556361408,0.23824154206337536,-2.940140349711189,-3.0428956938588834,2.8804833041218263,1.1328270447734492,1.3478841589517212,-1.6080634666103406,-1.7087285260031846,0.20939534949703928,1.8548610819159737,1.630367140529211,-2.0187886231777337,1.5461652920294209,0.6569156228642341,-0.2880779271775089,-0.7965415348541135,-1.011164210155785,-0.8676785612215743
numHidden 	5
numGenes 	48
minGene 	-3.0
maxGene 	3.0
popSize 	200
maxEvaluations 	20000
mutateRate 	0.25
mutateChange 	0.1
seed 	1585668173614
random 	java.util.Random@5e265ba4
neuralNetworkClass 	class coursework.ExampleEvolutionaryAlgorithm
Training Set Training
Fitness 0.13724657239724444