-0.751307230960385,-0.7250907912084056,-0.9869436177003817,-0.2466555440394636,-1.3307558912057182,-0.3220313380952713,-0.2190763032526407,-1.225254378234362,0.5264083829682786,-1.814764900436974,0.35774608924867546,0.6286482591094092,-1.325550020152854,-0.749379939054733,0.9649301042521621,1.8515490951250757,1.9517684135644782,-2.573176650421215,-2.219435775495632,-1.4210095035895998,-2.5998877395060713,-2.6037253564209877,1.4219236668499593,2.1449223013757863,-2.4089649599072476,1.3005108685207012,-1.6371049200609964,-3.254781180648789,-3.0781148969970746,-1.022547937032371,-0.6015795215634142,1.404301376793467,1.7901054868839625,-1.5031057418378995,-1.8417096327230589,2.658428970816934,-2.411393370425384,0.8528991526447935,-0.04964850725096692,2.031329057210032,1.3864562960968012,-1.5723809569873517,2.3784316966852943,1.1274485952003972,-2.1318830845092993,1.384454166429364,2.1330148991230162,0.10521630721500286
numHidden 	5
numGenes 	48
minGene 	-3.0
maxGene 	3.0
popSize 	200
maxEvaluations 	20000
mutateRate 	0.04
mutateChange 	0.1
seed 	1585611254750
random 	java.util.Random@5e265ba4
neuralNetworkClass 	class coursework.ExampleEvolutionaryAlgorithm
Training Set Training
Fitness 0.12096470603898266