-1.546848365648113,-1.2397617330196002,0.15021548986810349,-0.5019044517746486,-2.79805267296783,-2.062038299266702,-1.052517930955104,-0.29341839788553764,3.0174839211589135,0.3069763018676417,-0.1775964655616907,-1.2690695394817522,1.7682122621992424,2.511698174618606,-2.3297178950138675,0.14392562637182044,1.7080768344944484,3.082174267816985,2.6674319145292036,2.5722980404981906,2.7483279021430196,1.8380559877894953,-0.7121034427061378,0.37429022331632156,1.3933483554522055,-0.6079404645415067,-0.1512487054971631,-1.0066627168344928,0.12305186687959557,0.0650571231458506,1.4530670627427358,0.28496850232815873,-2.18817123276104,3.3042417696718016,1.7257915142863434,1.762085176132671,1.7189429704451022,-2.2873923888764462,0.10146664325897065,-1.6106848720011004,-2.7323029921606135,1.752279194895543,-0.1761186380482069,2.880190615833815,-0.049386194611615114,2.2760262687712087,-1.6435769380313874,-1.1885545655083332
numHidden 	5
numGenes 	48
minGene 	-3.0
maxGene 	3.0
popSize 	200
maxEvaluations 	20000
mutateRate 	0.12
mutateChange 	0.1
seed 	1585664608973
random 	java.util.Random@5e265ba4
neuralNetworkClass 	class coursework.ExampleEvolutionaryAlgorithm
Training Set Training
Fitness 0.030005631036790756