0.10744878019407317,0.5700696955312338,3.0786319459271203,0.8343534476086988,-1.9527240743899528,2.6268623727811327,0.6979422833746851,-1.2209670576136948,-0.0327128405795277,2.0420966240401373,-0.2582635107420241,3.4582549362547517,-1.763516346070265,-0.7266182840830445,0.9634403207191473,-0.879710794249073,0.2595418554396113,1.359588321737927,2.517297915394708,-2.684368177386663,-2.8746490824362905,-1.0015100897884017,2.3954896834659825,0.6386633475331687,2.750222921021196,-0.17265128042028988,-1.6834191294823355,2.2683157176147555,-1.8190502704755533,3.19339941534124,0.4888729302824706,-0.6734646214688614,2.1240503352026723,-1.4757732623592097,-0.7078459574741603,2.465126059267575,2.506227292194213,-1.0314176897980345,-2.9212401221403645,-2.8791488700489403,0.04722039942073844,-2.9237689920642977,-0.4102137390676571,2.0454729897878745,-1.360081690838991,2.220965659992506,1.1147105131940123,2.9217035250278105
numHidden 	5
numGenes 	48
minGene 	-3.0
maxGene 	3.0
popSize 	200
maxEvaluations 	20000
mutateRate 	0.2
mutateChange 	0.1
seed 	1585666578233
random 	java.util.Random@5e265ba4
neuralNetworkClass 	class coursework.ExampleEvolutionaryAlgorithm
Training Set Training
Fitness 0.12637447446036879