2.025255474779004,1.6740241527525437,0.3569032250683153,-0.6344378006409994,0.11221574231851467,1.4425293965134611,2.2719699450481956,0.5301971893647583,2.7568844132433834,2.226037749937199,2.9053802415608874,0.12479011125768086,-2.325252138431606,-1.2180649389035163,0.8595591595775409,-0.20304012368559124,0.41616760987448853,-1.4117486904428218,-1.3617401613704583,0.5757886792482028,-2.720380040307856,-1.6456184910885008,1.744310581382016,0.5911269462923424,-1.9171861064836049,2.071895273635474,1.4105726339353595,1.2026078099056323,-0.08821224034288994,-0.3147935841091332,2.8590202997592082,-2.02736321873393,-2.5354219216829894,-1.507265722054295,1.823086600411005,2.3422324040642257,-0.709967589610763,-1.2924484578797093,-0.10384718936766563,-0.5193000897797546,1.3938238883339422,0.2123657603460977,-0.9157056372978553,1.1797325418286442,2.8427115520489186,2.4370478600272865,2.6441321431147067,0.049641647501023595
numHidden 	5
numGenes 	48
minGene 	-3.0
maxGene 	3.0
popSize 	200
maxEvaluations 	20000
mutateRate 	0.16
mutateChange 	0.1
seed 	1585665221150
random 	java.util.Random@5e265ba4
neuralNetworkClass 	class coursework.ExampleEvolutionaryAlgorithm
Training Set Training
Fitness 0.10127783213995925