1.9367550966390947,1.7057260570306565,2.7397571009270427,2.804436951846292,2.6567471923965553,2.452528797042051,-2.895634799928696,2.2393205029594907,-1.726240949840936,-0.3575306055776395,2.968787223789407,0.3662439886009894,3.243533461483662,0.5109765816754462,2.586333176202831,2.355367370531032,1.7239820595553592,1.0905979123847391,0.25465219118376525,-2.3807506048809346,0.6514942492907104,1.79745495469043,-2.6550418350919354,0.4238807774565462,2.5682421324575384,-1.0738469669148263,-0.5415333594820825,3.120077655193309,2.1114097303984973,1.8690472817436765,1.7989008335695909,-1.406240716907373,-0.8719957391914728,-0.4871152612097185,-0.8535982661991421,-1.3355085369654696,0.8191431525019531,-1.709556215111086,-1.097829560108937,1.8800392122495917,2.4454469823539107,-2.8230941572732076,-1.055352711866573,-1.7394735838182591,0.840400048381286,-0.6796967233385119,1.1970232157326337,1.6391668081263022
numHidden 	5
numGenes 	48
minGene 	-3.0
maxGene 	3.0
popSize 	200
maxEvaluations 	20000
mutateRate 	0.2
mutateChange 	0.1
seed 	1585666663186
random 	java.util.Random@5e265ba4
neuralNetworkClass 	class coursework.ExampleEvolutionaryAlgorithm
Training Set Training
Fitness 0.058971776348116345