-0.7219854607005324,-4.205238942788137,-0.9575395757661734,2.398101553723189,0.47555759732787917,-2.5030515850042683,-0.9077984068676469,-0.37853515536201277,-0.47461488268179797,-1.4550309775373425,-0.14176951955318945,-0.8639049462543158,3.102991548526917,-0.19983358541782134,-2.856812684982326,-0.019467905333671015,-1.910479202491978,-1.8950229485813535,1.0697536379068282,2.442765422770456,2.1690700219708825,2.42308657209326,-1.378811351796169,0.11306609598256495,-0.9491058654967764,0.4392483678888831,-2.3162145661854456,2.5554845452394854,-2.864312176637308,-1.5738735441018292,-1.692113390009523,2.038773079357979,-3.0505805260863483,-2.463304813939297,1.5771431804211047,-2.962584895279784,2.609987947624642,0.5693991368947793,0.986249938525909,-1.379137801161994,-3.0287298236421822,-0.4205481491682055,0.5754356053795889,-2.9059932856224293,2.905923438056151,0.2733194906443126,3.455532235158987,-0.865665301893447
numHidden 	5
numGenes 	48
minGene 	-3.0
maxGene 	3.0
popSize 	200
maxEvaluations 	20000
mutateRate 	0.08
mutateChange 	0.1
seed 	1585661263143
random 	java.util.Random@5e265ba4
neuralNetworkClass 	class coursework.ExampleEvolutionaryAlgorithm
Training Set Training
Fitness 0.11599543232623599