1.7414941804776447,0.6412878668729385,-0.5467765354259406,-1.6039135878884694,0.07970584027577088,1.9309417422474149,-2.7493778757571836,-0.06745465076485069,-0.7127065008978845,-2.4423951279754474,-2.0419295663816346,-0.052593580414846186,-0.801132496882024,2.4197605380559777,-3.5805539930361574,2.441482749596972,0.2005788457691978,-2.3372142874262947,0.9465416748625414,0.7626068630670354,1.4442067970172672,1.7480856905293596,-0.5091635158495514,2.302986622304621,-2.072264693661611,1.2134597849358975,0.24019844996479398,-1.8665118575341766,1.2834204418835233,-1.001197037836003,-0.05930268046228043,0.6628203707682255,-1.5704119552574276,2.0108644023455198,2.3026991917184096,-1.297042992254676,2.1451321868956947,-1.9121102342980887,-1.8031075916678723,1.4029903013628227,1.3159228152908256,-2.800416355546301,-1.3201190044475455,0.6819725264399668,-0.8199381790793159,1.7799393315485532,2.6104676248583956,0.8471554624804414
numHidden 	5
numGenes 	48
minGene 	-3.0
maxGene 	3.0
popSize 	200
maxEvaluations 	20000
mutateRate 	0.2
mutateChange 	0.1
seed 	1585666226842
random 	java.util.Random@5e265ba4
neuralNetworkClass 	class coursework.ExampleEvolutionaryAlgorithm
Training Set Training
Fitness 0.11962928682366743