-2.232328408329636,-1.57483791566266,0.06176732339494606,1.6014696077380224,2.7700703940554403,1.8948298256064877,-2.2993509052384917,-1.71658025025548,-2.5624928218072984,-3.404166910537734,-2.871795104831727,-0.33520492520753375,0.5575279878704471,-0.38832052420820595,3.6264016575484446,-0.8271813909079748,-2.9825894270618427,2.6424025224180117,-0.11611913398151952,-3.081499153730105,0.17467690109248846,0.04644892143193857,1.2465985721705164,-0.4756854854921082,-2.515818849027852,0.6539537384373455,-0.524748001064566,-2.2074348305614393,1.8309290255644015,-0.14328068918348125,-3.339199131570614,1.9453539825219863,2.406460121231304,-2.4592497142013086,0.8068117099736658,-2.303673748093969,-0.4572072386778856,2.4252508774411314,0.6322743764150776,-0.6188055770537935,0.4316061581967796,-1.9424655014385097,3.1309620891922307,-0.22167731398555546,-1.642495854535932,1.8363442278618525,1.0933298135134901,-0.6575431292040648
numHidden 	5
numGenes 	48
minGene 	-3.0
maxGene 	3.0
popSize 	200
maxEvaluations 	20000
mutateRate 	0.25
mutateChange 	0.25
seed 	1585612850897
random 	java.util.Random@5e265ba4
neuralNetworkClass 	class coursework.ExampleEvolutionaryAlgorithm
Training Set Training
Fitness 0.016457529853343065