-0.7308134889048516,-1.4040760111084334,-2.2806448397759556,-0.1145367189387434,0.25986310392449374,-0.34763874054717275,-0.06894716598889411,-2.664039716990314,-1.8296998592402332,-0.9573738760113322,2.4114924254237704,0.25834106648311767,-2.9427211663684827,-1.337116225694099,-0.8606269187161646,1.064910091512799,-2.05593712926295,1.6765656399233166,-1.1457617167365062,0.07250678501920854,2.098420601648595,-1.8315164701629982,2.5979442398046304,1.0398212581230442,3.3058466540871123,-1.1951777295995718,-2.4808568315086355,-0.15933984311931654,1.0477355813277953,0.19186861221900592,-1.990285084493959,-0.4201118893252055,-0.3905037041056318,-0.8740568206948274,-0.8989351316540866,0.45212921629444197,0.8463296453097306,2.914116746584843,0.49469026151497003,1.5241749339424944,-0.5753765766297294,-2.580106797088021,-0.5646013933343876,0.9904018061982451,0.03466002512915978,1.8501600314390314,0.8570530791817799,2.1063621419320873
numHidden 	5
numGenes 	48
minGene 	-3.0
maxGene 	3.0
popSize 	200
maxEvaluations 	20000
mutateRate 	0.16
mutateChange 	0.2
seed 	1585670788442
random 	java.util.Random@5e265ba4
neuralNetworkClass 	class coursework.ExampleEvolutionaryAlgorithm
Training Set Training
Fitness 0.09867721513786494