1.9134609294559288,-0.6870829614978458,0.028564324845365086,1.9741498131157127,1.1712017627736842,-1.644281073448547,-2.53566121397335,2.0778847588995153,-2.8742198648710695,-1.0246296731734714,-1.1992323245171344,2.032705088991458,1.1982071972800634,-0.5946472189312186,-0.24681606249196528,1.3123913693448066,0.5885899585263302,1.6716255849626904,-2.5278393405821076,-0.6812553687472148,1.866316766590237,1.2596617496713662,-2.1800493529383163,3.0194103131567265,2.795505688094477,-2.7394063224533687,-1.0280927388840586,-3.0431787832694126,-0.7065896076868078,-0.15203246090902242,-2.7057129918712475,-1.7805898836773122,-0.2637270459834882,2.600282760060424,-3.0646124232777012,-2.1513372137994655,-0.41858971179628457,-2.2143404554469277,-0.7099824084826325,2.575506048592732,1.0661167764276047,-1.836347090218538,1.157842060842269,1.536946023509762,-1.5267348625522963,1.835400197723784,-0.5858038829972801,-2.681206450898737
numHidden 	5
numGenes 	48
minGene 	-3.0
maxGene 	3.0
popSize 	200
maxEvaluations 	20000
mutateRate 	0.04
mutateChange 	0.1
seed 	1585611652719
random 	java.util.Random@5e265ba4
neuralNetworkClass 	class coursework.ExampleEvolutionaryAlgorithm
Training Set Training
Fitness 0.13112479948926972