-0.2370250160419891,2.6460672816166078,1.0258141911465803,-1.467239845793022,-0.5621147237678463,1.1865574495203726,1.6604611155460733,2.963184712259827,2.3321650844979454,-2.976737808845558,-1.2807755264709773,2.356360497023558,0.8256999270194676,-0.7981853144986797,0.43118268901915613,3.234026025363553,-1.9521115424213615,3.0044503299837304,-1.2388519246931269,0.9457898511446228,-0.09464797201174857,-1.0762004480044567,-0.056432622068772975,-1.1099273815233404,1.2691676295186993,3.760420503798631,-0.2184958277215978,-0.3230031685004451,0.948267615157353,0.11085552809414168,1.9418430250080219,1.4716849935931853,2.706517924245257,2.2532300244200583,-0.79753605680252,-2.9095816416405116,1.6493371620519355,-1.6348515332037588,4.2692477060113685,-3.3064128482072643,-1.1884132126203804,-1.8761255436843163,2.1303785448056605,3.6283509426589022,-2.5281853386514985,1.0415162759677994,-2.0474767271253196,-0.6295903429388785
numHidden 	5
numGenes 	48
minGene 	-3.0
maxGene 	3.0
popSize 	200
maxEvaluations 	20000
mutateRate 	0.25
mutateChange 	0.25
seed 	1585235387048
random 	java.util.Random@5e265ba4
neuralNetworkClass 	class coursework.ExampleEvolutionaryAlgorithm
Training Set Training
Fitness 0.00681482811116377