1.3045587511086452,-1.9112840944888614,-2.0869616380558664,1.1102250145068844,2.097454981415086,2.261547669336941,0.8429000840193728,-2.9072394473549705,2.7183957120307776,1.090678378755412,-2.1341876068319223,-2.3533356061570596,1.226641424717469,1.0730562421681302,0.9894087246299951,-2.1119644775991944,-2.9987844672786124,-0.9349631614907475,0.7411312368253842,2.4772406463516425,-0.7463418327023782,-1.5025724277875185,2.3837376636579584,1.5693553681643824,1.1809998666745667,-1.3265421819335723,1.4341552873948205,0.5854194794181629,-0.31566876526826987,0.4831637922351777,0.6202408133312373,1.6018549598457663,-0.8064167257015312,-0.33272393927170474,2.1689876265040313,0.7487585041304728,0.34186417434499106,2.150816557445765,-1.633791464702059,2.4886377559370447,1.8229356995098565,1.1412146419630755,1.261704073825678,-2.184478803811523,-0.15685705902668287,-1.552134648415419,-2.084586778406888,-0.6297710727707164
numHidden 	5
numGenes 	48
minGene 	-3.0
maxGene 	3.0
popSize 	200
maxEvaluations 	20000
mutateRate 	0.04
mutateChange 	0.1
seed 	1585611927834
random 	java.util.Random@5e265ba4
neuralNetworkClass 	class coursework.ExampleEvolutionaryAlgorithm
Training Set Training
Fitness 0.05363222324256972