1.4390079935141138,-1.6501182956223568,0.1654047088211552,2.680352307492482,-2.9982329798483542,-2.866747571923786,-2.922925176714714,-1.7799294511377277,0.8112743163905369,-1.5432227677153691,-0.35936330477561196,-0.0768654062730385,1.0792113340567222,4.140201646985982,-1.5128101364822868,-2.969577037655676,-2.0254889614859177,0.7388135907190598,-3.916943168923882,-2.7796322333681696,0.4216406133582833,1.5826027603865978,2.8005739986327223,-2.135061229533155,-1.1556190869059875,-0.8548070717853598,-2.0730239710506813,2.5753422681146336,-0.07706147067824665,0.6228691840255771,-2.8552454255397617,3.733168204476792,-2.5238139310505203,1.4791704016556295,4.497099985743377,-0.23326365307431818,1.2997794756559045,1.1524978251713849,-2.7107082994474956,0.732395359488514,-3.7969889384253674,-0.1043281195889314,-3.8672354342191797,1.085375563707629,-0.4811482132949081,-0.5469049524197658,4.0534265078234615,0.8715814715336325
numHidden 	5
numGenes 	48
minGene 	-3.0
maxGene 	3.0
popSize 	200
maxEvaluations 	20000
mutateRate 	0.25
mutateChange 	0.25
seed 	1585241475356
random 	java.util.Random@5e265ba4
neuralNetworkClass 	class coursework.ExampleEvolutionaryAlgorithm
Training Set Training
Fitness 0.007891885489888168