3.082659131765531,1.8999714884387529,1.1934864244418346,-1.7573828098322894,-0.273130485192841,-2.1477988156186054,0.15049107597114728,-0.5940243538728237,3.0541934545817546,0.1574144894347482,1.099334182710714,0.7613151269383732,0.540347500992351,-1.0572205232764027,2.5971100267974885,-0.9294997184891701,0.5130095317911161,2.4433539826389707,2.6896047466267747,0.9020550184359625,2.7206009367379784,1.632596946131763,0.05048698625399711,0.7021980787294019,-0.6297590259322282,0.6970255267049008,-1.2335512890561906,0.918393082281059,-0.38784252363840943,2.413451638509587,-2.302274992099264,-1.8905682064970801,-1.9634941791623812,2.697779923177977,0.050845811954392583,1.2553686323580842,3.174724402859157,0.14239732617633788,3.0453963065807876,-1.3025777124211642,-1.1387755274886098,2.344728227818736,-1.2610195603336156,-1.9077455657376094,1.2123852154110306,2.6525787030358505,3.1945090282688087,-0.5431642364702339
numHidden 	5
numGenes 	48
minGene 	-3.0
maxGene 	3.0
popSize 	200
maxEvaluations 	20000
mutateRate 	0.25
mutateChange 	0.1
seed 	1585667586673
random 	java.util.Random@5e265ba4
neuralNetworkClass 	class coursework.ExampleEvolutionaryAlgorithm
Training Set Training
Fitness 0.033074827992204923