1.0780690245710982,-0.6207873714885865,4.062745689610025,0.4019562780985835,4.473176835977032,1.3055339578783922,-0.21393938608695695,-3.1572184431662453,3.8026303064942457,-1.0120558886531388,0.20201589983893586,-2.554294379130182,2.6855181539875748,-0.24470003503500815,-0.42050611105393587,-1.8446095304315762,-0.8072346001311512,0.8184424221380011,1.4435757017345954,-1.5123050532092233,-0.03333874254367375,2.1879396659460255,1.2372977013913502,-2.265641158887602,0.829247378840142,3.401536380133388,-1.6508113819305583,2.726141729412774,-1.3280171194657964,-1.640900122385177,2.118345373409447,1.2324795215919657,2.9171561306440825,-1.3922259920745699,-4.35440344223099,1.089397241959296,2.027053099202223,2.1524765230960803,2.6436055651777606,-2.1514189230376797,-0.5900547609725364,3.7867949831633867,0.9005584998532292,-0.8708051709861611,-0.36749883580942266,-4.703238814426845,0.21137782899045465,-3.319812713358104
numHidden 	5
numGenes 	48
minGene 	-3.0
maxGene 	3.0
popSize 	200
maxEvaluations 	20000
mutateRate 	0.25
mutateChange 	0.25
seed 	1585603598579
random 	java.util.Random@5e265ba4
neuralNetworkClass 	class coursework.ExampleEvolutionaryAlgorithm
Training Set Training
Fitness 0.097763655018708