-0.15220846485580575,-2.752958413925188,1.580919164535871,-2.2338620488825427,1.1227702101520833,-0.22820040758861015,-1.2341052927997596,-3.128751411369296,0.5967279863177231,3.0635157382930753,-0.5397257950395962,0.06291334879440047,-0.8876130817322512,-0.6199228716986429,-0.6429933463893347,-0.3726314893663272,0.4155085976212236,0.2083215237670557,0.5877725160617815,2.0116569752945495,-0.10129229740845158,2.1525306268818314,2.682468035527492,-1.7757679796288532,-0.9140213936090347,2.573386632084766,0.2638786973419993,0.01541302258868038,1.6725721887439287,-0.26705302013867493,1.7794839113649439,-0.23976023959823722,-0.29365887354432996,-1.7929501220027868,-1.0624338520928869,-2.184118991003281,-0.7943382652837858,-1.4800760715514327,-2.182463890034227,-1.5871387730944406,4.655518595266416,1.586634912195036,-1.1353826159728886,-0.6360176249713292,1.407328344150593,0.6173601880361916,1.406768500285561,-0.7130779103846603
numHidden 	5
numGenes 	48
minGene 	-3.0
maxGene 	3.0
popSize 	200
maxEvaluations 	20000
mutateRate 	0.25
mutateChange 	0.25
seed 	1585613269134
random 	java.util.Random@5e265ba4
neuralNetworkClass 	class coursework.ExampleEvolutionaryAlgorithm
Training Set Training
Fitness 0.06905400241569207