1.3878402358623176,-3.026857285756225,1.6772493773233332,1.1462871493502709,-0.9494248519621787,-0.5965333117006683,-2.345854693042496,-2.865283064006286,-3.054898161004315,3.101062231915421,1.6495561809472967,-1.1602861572411345,2.2686618321766683,-2.321452286802006,-0.9762298618489585,-1.4801568867896835,-1.2037071716367087,-2.7669558787058186,-3.774992191660329,2.641975186622304,-3.5630291418260476,-1.9109447275257714,-0.20961956331560214,1.2619013697184167,-1.701039318213471E-4,0.29934810172073173,2.516320753990921,1.346122180016038,-2.315148129770138,-0.041247961062126665,2.45877499180906,-2.1909366086210196,2.6885911967530656,-0.6161563165523101,-0.981630976709785,-2.193227748149374,3.1291681799299473,-1.3529697698594576,-0.10181590586113964,1.432442243832413,-2.3540590671935213,-0.7734074556933048,1.0916961156620055,2.1009139451651233,3.1179345288439975,1.9447924958887302,-0.9341418897739181,0.8885929965593076
numHidden 	5
numGenes 	48
minGene 	-3.0
maxGene 	3.0
popSize 	200
maxEvaluations 	20000
mutateRate 	0.2
mutateChange 	0.1
seed 	1585666820585
random 	java.util.Random@5e265ba4
neuralNetworkClass 	class coursework.ExampleEvolutionaryAlgorithm
Training Set Training
Fitness 0.03158882705725392