-2.8193381280706444,-1.1066553950096059,-1.8559117473057145,-2.3972787924610177,1.4711509275214172,-1.9905033769300184,-0.9510791097447581,-0.2017872171560516,2.2512861484222895,0.32842743364957994,-2.2044566011050346,2.2442737718068,2.0462276668502892,-2.011703867389555,1.224587459928379,0.07249059206748676,2.5841182888736847,3.4068881546378784,0.1455064234671684,-0.9311583809816247,2.2243778552734423,0.7124849565684176,-0.07267983049856547,0.6343979504917107,-0.2505915413767176,0.6638969775283675,-1.8876399218334634,2.63886888597356,0.38761899449226866,0.13372163063866543,2.1230681119326964,0.4666377203302773,-3.175654312722091,1.1394320629948225,2.2393298989813917,-0.16576889895003752,1.1834239465965122,0.3549515239072193,1.768741203754867,0.9749626486459905,2.8258315914764456,1.7209132864958279,3.3146291288729213,-0.1592147841360068,-1.6869994981256693,-2.605145672768275,-0.7334277970208586,-0.736811777974917
numHidden 	5
numGenes 	48
minGene 	-3.0
maxGene 	3.0
popSize 	200
maxEvaluations 	20000
mutateRate 	0.25
mutateChange 	0.1
seed 	1585668689713
random 	java.util.Random@5e265ba4
neuralNetworkClass 	class coursework.ExampleEvolutionaryAlgorithm
Training Set Training
Fitness 0.031472507519338895