1.5752002156031608,1.7584669993963757,-0.7445893107164459,-3.1793011940342906,2.8282918646704296,-3.485774186992911,-0.30377910882495396,3.0893798328046307,-1.5343978792082176,0.05800193869717951,-1.3133214437358083,-0.33254422352890245,2.8850171806116496,2.2521323990993434,-5.582029231239689,-1.2932606007980763,-0.2986610798468261,1.3551121507638246,2.3139402963369005,1.014184958136477,2.266088932841855,-0.07526778275884771,-1.9789696923409927,2.6318867347551818,1.9889690994954314,0.886385936582684,1.8178986593032498,-2.667175676335442,1.124248866892989,1.8785406108184208,0.17339890241134448,2.2644711390251446,-3.3869196090949734,-0.1005147877105026,-0.2968898309147803,0.7282432107813905,-3.3120179692954275,-0.6209291930742604,-1.2664136815320726,2.526121857964677,2.4984599444520263,-3.1637276806951644,-1.4200269007575492,0.6866467033172867,-1.7430242222626962,-2.2419904838668563,-2.0233685492566096,1.9508324835717135
numHidden 	5
numGenes 	48
minGene 	-3.0
maxGene 	3.0
popSize 	200
maxEvaluations 	20000
mutateRate 	0.25
mutateChange 	0.25
seed 	1585236115426
random 	java.util.Random@5e265ba4
neuralNetworkClass 	class coursework.ExampleEvolutionaryAlgorithm
Training Set Training
Fitness 0.1068358261093177