-1.580539336914019,-1.8479345304764505,-2.2375626490124283,3.2225751827491296,-1.962784566602344,1.1799655208277093,1.7455315986401172,1.5891190279326486,4.094369113710419,-2.4267484412687885,-0.7432981242505852,-0.5510836511844359,-1.3828771865104725,1.745260610139687,2.2135075156713455,-0.2851426858012438,0.5894332816875033,0.371168023988058,1.2801182328870464,1.3220412758733113,-0.7051066988481247,1.0217249301359115,-1.6968542075561555,-3.358468611459715,-2.106468171522143,-0.3388502749171421,-3.482991989726873,0.1020035426132404,0.6456320516105911,-2.351874247015279,-2.2723956470829227,-1.590384269002945,2.1848996433202896,-2.746532973061978,2.2170634334593684,-0.9752280914322979,-2.3789539785115736,2.9701242859158272,-0.7661921669431846,1.3103216665835877,1.6170881984070387,3.640810347327422,2.6411667122818128,-1.9909064965081673,-1.0606022919811944,-1.1343624090056623,2.794250272405025,-1.5604821756582634
numHidden 	5
numGenes 	48
minGene 	-3.0
maxGene 	3.0
popSize 	40
maxEvaluations 	20000
mutateRate 	0.2
mutateChange 	0.2
seed 	1585234238038
random 	java.util.Random@35d89ca1
neuralNetworkClass 	class coursework.ExampleEvolutionaryAlgorithm
Training Set Training
Fitness 0.041268310249860204