2.742773543145889,2.7040346091468104,2.802610317860073,1.5269641410158314,-1.492877092466914,-2.325569659829797,1.8784452961390716,2.699047950214574,-2.568050641854174,-0.5129508195824091,1.5173569983634945,-2.4969268402131437,-0.7076752248878413,-0.2609529740581604,-1.540567541100783,-1.2938936914639065,-1.8489207984975555,1.6119969342648641,-2.357045891757239,0.4037905770062533,2.380151877262236,2.58135211307334,2.3157355059917863,3.2010866211019655,-0.3985152932820264,-2.2306684459392025,2.4773218745531906,-2.9006771894186603,-1.4331335829893768,2.721787054900642,-1.9260516883216403,-2.350589018195015,0.16497864728626066,3.0638899644649227,2.0027276363864877,1.2819811334743632,-0.7026013823065842,-2.4049962555517874,0.6698383098048195,-0.2968112985019733,-3.235627706983814,-1.940533132415867,1.8133442454163102,-1.0226084817722232,-2.4148449099497418,0.67411864816519,1.724022483871261,0.08428232582469608
numHidden 	5
numGenes 	48
minGene 	-3.0
maxGene 	3.0
popSize 	200
maxEvaluations 	20000
mutateRate 	0.16
mutateChange 	0.25
seed 	1585773603362
random 	java.util.Random@5e265ba4
neuralNetworkClass 	class coursework.ExampleEvolutionaryAlgorithm
Training Set Training
Fitness 0.10437451234154763