2.477942096245661,5.300146932211092,-1.1871626009479161,2.552386208814794,-0.6477277118529807,4.170158966383209,2.256494466926976,3.51186211770937,1.9953211685431071,2.8712312293790276,0.6896156837249157,1.1094877130672947,-1.7140705184241947,-2.0146022268801884,1.9818434121372404,1.9148335268924068,-0.4162702175235813,-1.060764467670726,2.151402441203544,1.0674725898240176,1.0588091238551085,-0.06929735917033497,-3.2363635416153187,-1.2485561931847027,0.512314006751625,-2.033590133873001,-0.8649690212590682,1.541715928630099,-0.4236361534069504,-2.743420235373632,1.5230823509276865,-0.7209169459885505,2.4375000415844728,2.3301798460608962,-1.9180201492579934,-3.1610881545087874,2.421254022653195,2.285452586258357,0.6511794353681832,-1.1943604002564454,1.406281390409811,2.3313000154990573,0.4185568491634726,0.14891217058610717,0.3548646700542868,0.7027119578911813,0.9119342659825298,1.0187295050880758
numHidden 	5
numGenes 	48
minGene 	-3.0
maxGene 	3.0
popSize 	200
maxEvaluations 	20000
mutateRate 	0.25
mutateChange 	0.25
seed 	1585235639608
random 	java.util.Random@5e265ba4
neuralNetworkClass 	class coursework.ExampleEvolutionaryAlgorithm
Training Set Training
Fitness 0.04753628100677484