1.0884407105128489,-1.5077953454526183,2.9959449365416724,1.36828731277794,-1.9368490047538582,-2.4127881057076466,4.0523976222995834,1.974326308505078,0.8836076567123445,1.3697707725432062,0.5855952256885413,0.3977535062768536,-0.14242779397643512,2.9775612489425463,-0.08351747466484749,1.6305021492966114,2.814729543682531,1.814500356109038,-5.973386874185138E-4,0.02570856067183014,0.6153258771759296,-2.3506234600114118,-1.7323733930408365,0.06324442584753776,1.4464242722983354,-3.3099753378197336,0.055846443581580196,-1.0034153015397411,-0.32221489520561253,-3.7475107316630467,0.08917864288923294,0.24736015001825873,-2.6549301457179246,-2.387597433346378,-1.727573762850549,2.8874950393297674,2.457893493240399,-1.269542903268217,3.1996354347989477,2.73220603310701,-1.2836831878949442,-0.5950606190149268,-1.7825320714273485,2.1437166034217476,-0.487665317521794,0.8232798410276274,1.7351202194577215,-1.2407186835946744
numHidden 	5
numGenes 	48
minGene 	-3.0
maxGene 	3.0
popSize 	200
maxEvaluations 	20000
mutateRate 	0.25
mutateChange 	0.25
seed 	1585240510604
random 	java.util.Random@5e265ba4
neuralNetworkClass 	class coursework.ExampleEvolutionaryAlgorithm
Training Set Training
Fitness 0.03712442536676222