2.6346119430851074,2.4341690078671787,-2.858609864690909,2.1421344346523776,1.4361913627909133,1.6439081321816236,-3.173808301609644,0.002424404672320052,2.5357606875841303,2.3997656223700825,-2.1756472916879313,0.18775575024574667,-1.7781765178751727,0.888634688767769,0.6371156158366174,-0.36453666294036546,-0.13567363157165185,1.351085618283265,-0.24629094812501365,2.184848185258045,2.122825495867759,-2.831585152698715,2.1623014290394247,-0.30481346274160376,-2.2324135260717903,3.020121264471447,0.04773691102538105,-0.9650825237527234,2.0881677635530975,0.8831335618095875,1.5589974865465535,1.295168897775727,3.665207012659277,-2.7328371645479907,-2.650737410053752,0.5725804565627955,-2.9801978250471524,-2.758899871920707,0.8488550922970732,2.6956802848984496,0.8310523227810445,-3.396576147372517,-1.8737131996764695,-1.3641341259938637,2.225992741688938,2.285130438895079,2.025037206409628,-0.9516602987477076
numHidden 	5
numGenes 	48
minGene 	-3.0
maxGene 	3.0
popSize 	200
maxEvaluations 	20000
mutateRate 	0.25
mutateChange 	0.1
seed 	1585668281145
random 	java.util.Random@5e265ba4
neuralNetworkClass 	class coursework.ExampleEvolutionaryAlgorithm
Training Set Training
Fitness 0.1273200845717259