-1.556742951391028,0.48886300581494546,-0.6444115029744808,1.9109472446472577,0.24887639739625048,0.6105705617873379,2.6687974103645407,-2.5206696423057835,-2.9573351208923313,2.585386150633124,2.0083094637177052,1.4800822283768222,2.0805728002927917,0.6531210360184596,2.7207621475382666,1.0936783847852927,0.3537311232649023,-3.2142463315922933,-2.5662153809156973,3.032728434509151,-1.0388395212510575,2.282231515736048,2.730960465608739,-0.4595894710381968,1.5603838805152557,0.6757457788832131,1.8610091384741838,-0.013450603302879227,0.4424632593272829,-0.16807087279382157,2.2626716431338343,2.7106938890063565,-0.6427212328099414,-1.2573928847014544,-2.1651739239626915,0.5064668179487917,1.6316648618945973,2.6833981987801563,-0.4330891204618359,0.22388524499380555,0.7773148141058915,-2.395365062604666,3.267777050346735,-2.8137311862929053,0.3771627131230416,-1.5362533666133245,-0.2083598148278288,0.575777494200613
numHidden 	5
numGenes 	48
minGene 	-3.0
maxGene 	3.0
popSize 	200
maxEvaluations 	20000
mutateRate 	0.16
mutateChange 	0.1
seed 	1585665792055
random 	java.util.Random@5e265ba4
neuralNetworkClass 	class coursework.ExampleEvolutionaryAlgorithm
Training Set Training
Fitness 0.01393676157316126