2.419387732504336,2.1801151877373486,-2.228612237313335,0.06156161579220276,-1.2012039317209515,-3.0438416173775513,-0.5460759267243136,-1.044999075768757,-2.5079164716901494,-2.731128490596756,0.6871841107126144,3.1188951866589005,1.7080615610236243,1.9363483911603594,1.1496131697154865,-2.6146599995678343,-2.1178744099621167,-2.766771265501143,-1.7204057449882688,2.2928443007343975,2.4691995892653513,-0.18691677551975547,1.9590495331123683,2.0092280328344114,1.9931626346808038,-0.14586332198098706,-0.9114242569777077,-2.7072556464808994,3.360263063445205,-1.4646547180823752,0.9598631514845924,0.4138718873482302,-1.837609908042725,-2.32241662995895,-1.8567429729353044,-0.5682870178312661,-1.5980743754372713,0.9999273274094038,-1.9920694087967887,1.877913321675782,-0.3367366771268877,-2.1562429955649334,-2.2207557552648156,-0.1524942061901615,-2.0630595430220633,2.4076341147877374,0.01248267506574921,-2.269935066321467
numHidden 	5
numGenes 	48
minGene 	-3.0
maxGene 	3.0
popSize 	200
maxEvaluations 	20000
mutateRate 	0.25
mutateChange 	0.1
seed 	1585667931680
random 	java.util.Random@5e265ba4
neuralNetworkClass 	class coursework.ExampleEvolutionaryAlgorithm
Training Set Training
Fitness 0.10094443151163877