-2.8936235459863062,2.5230353188563908,-2.6334489053512247,-0.5432080557670239,-2.514132541303615,2.5264996512496376,-0.6530632437419891,0.9130036286167137,1.811497371282592,-3.187310597238011,-0.3234754839034901,1.02655794021047,0.14453517920638995,-0.10602960976274861,0.4569736031223529,0.045174908528396424,1.9895875921092956,1.1739839059172597,1.3642794367093836,-1.771353165552083,-1.337049212431731,2.126839657426085,1.5240287686139542,-2.0696781514034113,-2.0309087882549486,1.545497202796236,-0.4285348536193747,-2.804113085262368,0.585783159036107,-1.5418017928335688,-1.629087876423623,-0.7492191755450419,0.8408493931937671,0.36611479974759575,-2.929726185810695,0.47060443308637456,-2.016627838326902,0.14716766872748357,0.8050068878492498,2.389451785179918,-1.7903329743531244,1.0002744679493611,-1.8578748161350207,-2.100873981440763,-2.000769569799152,2.971076624495644,-1.431524690808947,-2.2722456949721166
numHidden 	5
numGenes 	48
minGene 	-3.0
maxGene 	3.0
popSize 	200
maxEvaluations 	20000
mutateRate 	0.04
mutateChange 	0.1
seed 	1585611828445
random 	java.util.Random@5e265ba4
neuralNetworkClass 	class coursework.ExampleEvolutionaryAlgorithm
Training Set Training
Fitness 0.09973953781538425