-2.383592968599562,-2.218001862079716,-3.5551057527125387,-0.07462440748946797,0.9333487836678227,1.3133484086783005,-1.472168942181673,1.4980430912835638,-1.6167588492179188,3.8336947657410256,-0.04389877708375245,-1.9279965290788246,3.743126578133877,-0.45010736374862326,-2.916501424240758,0.9526250972363681,0.10112691850239885,2.4642037355964463,-1.4267919161102904,0.055209139657368844,-2.1195473493848755,1.4850004449190894,2.798661362340125,-2.1914220899589862,-2.7242205046097396,1.4951701477336465,1.5168349103552679,-0.3786870388488106,3.4036886713777292,2.9001324251789677,0.45846308443200545,3.6737669575498586,2.1387895060064377,-1.7308234177002058,2.868307178818627,-2.6404822952625726,-1.285435967490531,1.4631260908030415,-0.6452061507744631,2.1979819485903658,0.9628985441016598,-2.6418693795569794,2.922010307484265,0.4754503546758415,2.798682273789896,2.679686299199247,-0.741787722968227,0.7448558734441537
numHidden 	5
numGenes 	48
minGene 	-3.0
maxGene 	3.0
popSize 	200
maxEvaluations 	20000
mutateRate 	0.25
mutateChange 	0.25
seed 	1585610673077
random 	java.util.Random@5e265ba4
neuralNetworkClass 	class coursework.ExampleEvolutionaryAlgorithm
Training Set Training
Fitness 0.10990542459803657