2.8762236149015,4.14427927679465,1.6011746251867862,1.5438496012197627,-1.8458393112949754,-1.07598169563303,0.8925212403693745,2.632044396736183,-0.778223442246861,2.0749874595090194,-1.9394911653995868,1.6672683806067816,-0.3835088218285163,3.3528755928006326,2.482902654029382,-1.026712718332797,0.18026433271556197,1.2050862779163714,-2.9151993644451597,0.7828380502598495,1.9616145602092745,-0.6316918539429341,-1.808397779436338,2.0455187486879103,-2.343462368608258,4.5076845884977566,0.030772845020787365,0.10757322761557075,2.9433597347501497,-1.4437934590906778,-1.4581127458017304,-1.7482852674723492,3.836928557399384,4.03169843681502,0.5535717713016757,-1.664672889083962,-1.2620939825525208,-3.11692455472234,3.430477293620429,-1.6057763818049264,-0.4578523093779232,-0.22967989293703184,0.5834679826254963,-3.294242041300124,3.714036628119164,3.8737416014198054,0.019532498463965098,-0.8247315118269627
numHidden 	5
numGenes 	48
minGene 	-3.0
maxGene 	3.0
popSize 	200
maxEvaluations 	20000
mutateRate 	0.25
mutateChange 	0.25
seed 	1585240235749
random 	java.util.Random@5e265ba4
neuralNetworkClass 	class coursework.ExampleEvolutionaryAlgorithm
Training Set Training
Fitness 0.042545951551229776