1.117379904826016,-0.211926685356556,-0.5507902488100278,-3.8435981877919945,-0.8533341763847551,2.907344519544388,-1.6394595835527692,-0.9218215917277881,3.4080179965940225,1.4882247688233123,2.2029179246630726,0.30621676794547437,-2.579067695478186,-4.053133123911745,0.5418701194002224,2.746222366635841,2.6768029059213703,0.2176571909094438,2.352320044949879,-1.6865228873926603,-1.9323265584371958,-2.498643658902619,-1.811945509556936,1.444151821023329,0.6569439766338763,-0.4261922498403967,-0.9854700712116908,0.6465242413142231,-1.6965533408537468,1.5723890068880388,0.4771696518504971,-3.362788429908118,3.8436629521767074,-1.7698839729871656,-0.8355833277864004,-2.995996526604291,-2.0822848988456473,-0.482455332649929,1.6494190411688656,-1.8291291154161966,3.5931227056615533,3.080346795695852,-2.493670424387301,-2.2877910907517887,-0.5538223998369878,-0.7743249731579356,2.846814004369935,1.2723551358101552
numHidden 	5
numGenes 	48
minGene 	-3.0
maxGene 	3.0
popSize 	200
maxEvaluations 	20000
mutateRate 	0.25
mutateChange 	0.25
seed 	1585612251632
random 	java.util.Random@5e265ba4
neuralNetworkClass 	class coursework.ExampleEvolutionaryAlgorithm
Training Set Training
Fitness 0.03674153147303186