0.9203914405741483,3.2050066220831774,-0.06810654574983205,-0.3720371360058431,-0.5893182986272603,-0.2329318877894717,0.5343741242187372,-2.391240347248846,0.0814479411309863,-2.9463877190343846,-0.07761787909922671,-0.30480006399298787,2.1955252832865577,-1.4006978080124202,2.3227906701487253,2.6406240307534095,2.2019084482620417,-2.126413601091453,-2.6829081616759987,1.6892850341641998,-1.3039607281454344,3.471662600383515,1.0843645141711127,1.0103675958734732,-1.5962599899764682,-2.0775313208388333,2.8209332205897253,1.6157014927746567,-0.6860724604112143,0.6965482687086223,-0.2703723632183122,0.06023142025158029,1.6551638601485696,2.538440308639595,1.8602207844457932,1.9348497367906732,0.7185216856579948,-0.47246852622919255,-3.2912019232364718,-0.6907561999274024,-0.8258364997619276,-0.2118846775385542,-3.552520882971928,-0.8320367791808116,0.6114585237135968,-0.5763096785333851,2.15709088782232,3.105948997264199
numHidden 	5
numGenes 	48
minGene 	-3.0
maxGene 	3.0
popSize 	200
maxEvaluations 	20000
mutateRate 	0.12
mutateChange 	0.1
seed 	1585662287957
random 	java.util.Random@5e265ba4
neuralNetworkClass 	class coursework.ExampleEvolutionaryAlgorithm
Training Set Training
Fitness 0.12709212114630006