0.09826805487716594,1.1385621540964732,-1.3953302049246363,-1.571166020617819,2.0636737859633945,-0.4058831307606891,3.082012966373215,2.723206332534163,-0.7652320608270282,-0.2384108192671346,0.45976075955943857,-0.6637004551911214,1.039489144660257,-0.21637489906118235,0.8988834443700777,-2.537431443915928,-2.453245806155967,-0.28945190098094165,3.1023075636167095,1.1226630888258375,-2.6701316531629047,-3.0869064630081677,-1.5220156125630377,0.16679911671245173,0.47520892398788467,-1.3497222504281592,-1.0653953155248654,-1.1208194255331552,1.3916885630210378,-0.08578468632342773,-3.255824525354706,-2.8300653316472753,-2.2566992442615144,-1.7126305261497552,-2.058778198060176,3.4734447974203695,-0.6686547605378677,0.2988960469262548,2.0014245011444194,2.5418871348209997,1.4947297833743345,2.85540647553235,0.25304931658566154,1.5301994522738782,1.376043050667061,0.9476556224555053,1.2225730413078562,-2.6863688831413146
numHidden 	5
numGenes 	48
minGene 	-3.0
maxGene 	3.0
popSize 	200
maxEvaluations 	20000
mutateRate 	0.25
mutateChange 	0.2
seed 	1585675913583
random 	java.util.Random@5e265ba4
neuralNetworkClass 	class coursework.ExampleEvolutionaryAlgorithm
Training Set Training
Fitness 0.12633201732219723