1.793843461539829,-2.7557179332743957,0.47060839291661305,2.430505724816346,2.002052292401177,-0.4363000752772287,-2.121842513765572,-2.8503961118630228,1.7452139202131614,-2.368999533615929,2.279928989446696,-1.190645207570238,-0.6908569354114777,-0.28089885999852515,0.7457613995622129,2.2311110825603437,0.6095646159134138,-1.8309960431386858,3.179761723833207,3.732467306900677,2.548176354511774,1.3212197621518138,3.790228891677466,0.7959315692916425,-2.3534372376532726,0.5214032184419319,2.231195191310152,-1.7956451175362167,-0.5088973940221334,0.12386703285457529,0.0946300659986099,-2.1138756721997836,-0.601816417594365,0.21469381111720184,2.5272647706853197,-1.5200769259436848,-0.47728830976698833,1.8117070933558863,-2.7215752706456584,0.033153659544680275,-0.7159304162384926,0.47161186655971854,1.1551757011334507,1.0899245564314475,2.3723578190364734,1.3451621833373828,1.768510161715267,2.203788699406134
numHidden 	5
numGenes 	48
minGene 	-3.0
maxGene 	3.0
popSize 	200
maxEvaluations 	20000
mutateRate 	0.08
mutateChange 	0.1
seed 	1585661893577
random 	java.util.Random@5e265ba4
neuralNetworkClass 	class coursework.ExampleEvolutionaryAlgorithm
Training Set Training
Fitness 0.08375638395728281