-0.44289378339667707,0.47032300038022257,0.5849033089680038,1.4583675683275636,1.757482188265131,3.217173564564167,1.9970371147021941,2.8628422432414533,1.1956513667687467,-1.1584837484723751,2.4538216009699996,-1.4925078418164786,-0.9311697163546881,-0.6413025940539709,-3.543820020305818,1.6940660461062493,1.7511687229467192,1.9093458896816076,2.3862925099048136,-3.314823717977445,-0.1143810674921859,1.9654075827511202,-3.034556983079849,-0.7601950145811509,0.881022839076766,1.4424818791998142,1.755358792290977,0.8083759766012104,-3.095067280846858,1.4412988154234183,-0.1800743038678032,2.1287879612608673,0.6872890568760051,-3.324839178194734,0.23252005634395045,0.14253742032941386,-1.1378097487176264,-1.0883424605906722,2.1200607130260867,-3.7347065528511623,3.9245982155824297,-2.0340552021776475,-2.621762527128502,1.3490210222924208,-1.3340700473675795,3.1793666818129713,2.323240278552806,-2.837012922716104
numHidden 	5
numGenes 	48
minGene 	-3.0
maxGene 	3.0
popSize 	200
maxEvaluations 	20000
mutateRate 	0.25
mutateChange 	0.25
seed 	1585607984020
random 	java.util.Random@5e265ba4
neuralNetworkClass 	class coursework.ExampleEvolutionaryAlgorithm
Training Set Training
Fitness 0.10065605119499223