0.6205500397464568,2.3696537957554646,-1.1793436718928578,-3.0854783022917074,2.7358211706981175,2.0112924500557,-0.7193235268336219,-1.1896157652868407,1.7509102976989088,-0.48760588969953034,-1.8485890731813157,4.082097191745662,-1.1275781291296083,-1.825200113258417,1.4471236619959362,1.5263565961558307,0.9395821633721423,-2.0655296606687923,1.9638357816095247,1.884587660360713,0.41013295036420394,-1.4047323859438756,-0.56615236553909,0.46558397117850814,-1.178999245407751,-0.5651167451036542,0.049947648207178036,2.3908254076712265,0.9837847413737083,2.70653441814505,-2.891773383701163,-2.382852401460041,1.8247210793312862,-0.23096998549633316,-3.038232707026485,2.7441739905655247,0.3158885970555725,1.9742996116365137,1.1083412785825075,-2.8458460045022544,0.8690299629683527,2.325456085933738,2.7536082137598785,-2.6404142921694005,-0.12452864383447604,-0.710048021843149,-1.9028360035384195,-1.5507632527438657
numHidden 	5
numGenes 	48
minGene 	-3.0
maxGene 	3.0
popSize 	40
maxEvaluations 	20000
mutateRate 	0.08
mutateChange 	0.1
seed 	1585136745988
random 	java.util.Random@38a70fab
neuralNetworkClass 	class coursework.ExampleEvolutionaryAlgorithm
Training Set Training
Fitness 0.04860269384687975