0.10391217641372014,-2.287710838302254,-3.200183192568609,0.2668331102980943,2.429945611723809,0.4886798998092331,-0.6941963116959515,0.3337778324597389,-2.3629707376443227,0.47292413493421137,1.2900631280572186,-3.874972982998198,0.8162388126350082,-0.4415674295803287,-2.8637202891398514,-2.720802769753632,-2.404652120305449,2.3042348361617293,-2.125737151946068,1.5865322819502046,2.2235209575038546,1.8687052627171141,-3.613704164526887,0.5334248766941072,1.6474108475068712,2.2317968429715753,1.9838357958876558,-3.465537023310241,-0.16119856350120912,-2.710344662858988,-0.21985946716216312,0.10599125373344725,-1.3383237328372168,-0.3824006864143593,2.655877721514705,-1.5589601040520256,-2.218173916538139,0.2970575878543661,-1.4262390907107232,-2.4611696229193316,0.22483978625867743,-1.2108315964558876,0.8447384162841269,-2.5770718079413593,0.3785638223598662,2.412351379912012,2.6822462332542307,0.9504721677428655
numHidden 	5
numGenes 	48
minGene 	-3.0
maxGene 	3.0
popSize 	200
maxEvaluations 	20000
mutateRate 	0.25
mutateChange 	0.1
seed 	1585668383938
random 	java.util.Random@5e265ba4
neuralNetworkClass 	class coursework.ExampleEvolutionaryAlgorithm
Training Set Training
Fitness 0.12629640050031665