0.7755702892196679,-2.705555090735844,0.4941327093052328,-0.8421165207044234,0.4162439787075025,2.1440692808227104,-3.088503627573944,-1.7064099496998066,-1.3508429970794755,-2.5122495697020946,0.7997271510368549,2.12583023375943,-1.269685873539486,-2.6292085698193506,2.4265197988029934,2.3789217300805037,-1.5817126252559404,0.38739208118001134,-0.39109901698226146,3.767462268570302,-3.3812097766616156,-1.4043585779321743,1.0413669321909618,3.604794543972692,2.067991900573202,0.6750306737559546,-2.5567543256374736,-1.347992033182973,5.0486511736430035,1.7985940334895423,-0.8097336489995661,-0.12607806776253927,2.209321802973177,-0.5601671451604857,-1.1097662564335407,2.4852887392538436,2.070552252988138,1.2701210826703724,0.5951283762607851,1.0747536011381644,2.5031752463805015,2.9253415586293414,2.5118785874759464,-0.5640951891197279,-2.1475461268112053,2.4810475210683105,1.181467919496047,0.7640451435867242
numHidden 	5
numGenes 	48
minGene 	-3.0
maxGene 	3.0
popSize 	200
maxEvaluations 	20000
mutateRate 	0.25
mutateChange 	0.25
seed 	1585607681065
random 	java.util.Random@5e265ba4
neuralNetworkClass 	class coursework.ExampleEvolutionaryAlgorithm
Training Set Training
Fitness 0.1259311542310718