2.5666576572312785,-0.5590154165105776,2.778710233034836,0.9840387635788423,-3.423149600991901,-2.2043345648587227,2.581742596452213,-1.802509828683526,2.4577546213761616,0.5164973028175224,1.6390584338749994,0.8786083286617181,-0.512896475004494,2.429127982099521,-3.139545861376806,-0.18939640299930272,-1.995641065612633,1.0419300808318868,-1.1758445616684612,0.8797228075612686,2.21048520783064,-0.6822656693242419,1.8208605113091991,-3.4251438402044347,-2.254325468823353,0.18815968272691297,-0.5796660946263219,2.834447902608604,0.08060913365433842,1.8905598978305642,2.306094637312297,-0.13337484201175176,-3.213861874598126,-0.7162281187082864,0.871791725536259,0.11338398479753131,-0.7869511878532212,0.06252924933022985,-0.991597023321642,2.0120905759267664,-0.9820946409251916,0.991573735563466,-2.365555261458238,2.1274790635059233,0.5627245174873234,2.1691668847825403,-1.6680786590406074,2.5847496947738353
numHidden 	5
numGenes 	48
minGene 	-3.0
maxGene 	3.0
popSize 	200
maxEvaluations 	20000
mutateRate 	0.25
mutateChange 	0.25
seed 	1585605317975
random 	java.util.Random@5e265ba4
neuralNetworkClass 	class coursework.ExampleEvolutionaryAlgorithm
Training Set Training
Fitness 0.027857126987593617