-0.35339862650929277,-1.636013703398768,0.04149845861689894,-1.231909642667546,1.5249329572047652,0.795315643036832,0.16601012797784154,-2.1250396404318104,-1.6344920797248295,-0.7835411875567295,1.6262195145355771,-1.030123525965668,2.4248687835695577,-2.1588378675333177,-1.9241179041741143,1.56663980164721,1.3320100809641626,-0.14559206048463075,2.3535093671392877,-2.0982866153387225,-0.08532129227192514,-1.175274961366753,3.016103518667353,0.8619202523062293,-0.5611448916059546,3.449761043905501,-2.387270616965585,0.17845273843662535,2.1677551554626797,-2.9809135999194396,-0.41624896805835826,0.01784393457776129,0.2275445396134329,-2.9315615153887373,-1.4538293640694957,-2.8654604597388293,0.33532083007713215,3.1773462974498266,-2.5123849187619403,2.5711894147762044,2.80077697720661,-1.8726895532551877,-1.5588724685523017,-2.2982361825224364,3.1563189248546006,2.2904482697931354,-1.849972669188334,2.009083925536636
numHidden 	5
numGenes 	48
minGene 	-3.0
maxGene 	3.0
popSize 	200
maxEvaluations 	20000
mutateRate 	0.16
mutateChange 	0.2
seed 	1585671527944
random 	java.util.Random@5e265ba4
neuralNetworkClass 	class coursework.ExampleEvolutionaryAlgorithm
Training Set Training
Fitness 0.12509768239836966