-3.0216308289570253,-2.8277023358776368,-0.671930742962859,-2.4720893262415946,1.8064679827102217,-1.3230095038036815,-2.1436354755951283,-1.6433304850242885,-1.5102418654680703,0.32091641135474147,-3.0248042045613155,1.8066000622096503,-0.08724622400754051,0.6505884605918056,-0.5712437858462461,-2.274750420027836,-2.3765045616000053,-0.1700960069001475,-0.8576271628445291,1.214588674847048,-0.02851971427582148,-0.8507698358319116,1.5588401139403314,2.1840293732159797,0.8272463133595598,-1.2576639645625676,3.787577723933693,0.18108578819495422,-1.2850051514411143,-2.4497291372688057,-1.334229200262157,-2.04501638054518,-0.8404427015216498,0.8130850752962409,2.219321544986002,2.119078859224038,-0.14356519564395875,2.2495859982418915,-3.262384186807364,0.5259883414154549,-1.781440640601505,0.9021193852304289,-2.0602259871034434,-1.1451183806365917,1.935850080105403,-2.5223387190500897,-0.7887632053154613,-0.166566428815206
numHidden 	5
numGenes 	48
minGene 	-3.0
maxGene 	3.0
popSize 	200
maxEvaluations 	20000
mutateRate 	0.08
mutateChange 	0.1
seed 	1585661070357
random 	java.util.Random@5e265ba4
neuralNetworkClass 	class coursework.ExampleEvolutionaryAlgorithm
Training Set Training
Fitness 0.11919407322566059