-0.01410363613786797,0.42756056888606575,1.3618645492116417,-0.2863271931124379,-2.879881942899441,0.6460422272547766,1.5425034390346792,-2.343779455839654,-1.4211816008841651,-3.0328115154743607,2.9323530225429657,-0.42651230788164496,-0.19588879776540555,-3.1818414228410448,1.3404977615428564,-1.4839699868651932,2.3193580009455737,0.0018636547625503763,-2.313255976406652,2.472999235164618,1.9509327117459359,-0.7743567187291381,-1.2508932686723038,2.346717248296097,2.3925021136711386,-0.7670972674147913,0.7032912029717826,2.597611827790285,2.685295337266803,-3.2537548006812904,-2.0061436206578214,-1.1798028284064848,-0.6703664463886706,2.6193015905751116,2.5872924532117993,2.5182000002285507,1.322287787592944,1.8206369137697274,-1.394710366562139,1.2918579680488245,1.431029850309927,-1.863221347392786,-2.6779749553920698,-1.4671638797334905,-1.0279620104647962,-0.5174107029674125,2.3323408543392605,0.5421301864022732
numHidden 	5
numGenes 	48
minGene 	-3.0
maxGene 	3.0
popSize 	200
maxEvaluations 	20000
mutateRate 	0.12
mutateChange 	0.1
seed 	1585662551455
random 	java.util.Random@5e265ba4
neuralNetworkClass 	class coursework.ExampleEvolutionaryAlgorithm
Training Set Training
Fitness 0.12139168845473562