-1.3395153855631108,-2.930952805892871,1.7946015708949972,-0.6177280671958298,-0.37667534619405085,-1.5257270541995007,3.0692102330826607,2.856000603410494,-3.6218102228135782,-1.5978146212557491,-0.5486755820195066,-2.9712545468196074,1.9677079297132316,-2.157470403596549,1.8441032425663062,-2.5021645278514733,-2.93775908968656,-1.0642772421536746,-0.039990418002378014,1.9566124878443527,-0.7114304122908393,-1.7085664894815444,0.9630242296158116,-0.1821642747256247,2.977734686598758,-0.13935601109620555,-0.11454675592878516,0.8834557525274223,-1.012263689444839,-3.1964887219359888,-2.64313074539725,1.3458533320467394,-2.120162451995313,-0.03472318670152408,3.024517039221477,2.0443096430072503,-0.9622309890553775,1.4298844950105298,0.3238146587976667,-1.523351761145225,2.317173386173762,0.9158995180765421,0.4743788024644484,-3.170341911906816,-2.501819725231481,-0.7382666092639161,-1.7687042071484065,-2.2569193176090354
numHidden 	5
numGenes 	48
minGene 	-3.0
maxGene 	3.0
popSize 	200
maxEvaluations 	20000
mutateRate 	0.16
mutateChange 	0.25
seed 	1585672697059
random 	java.util.Random@5e265ba4
neuralNetworkClass 	class coursework.ExampleEvolutionaryAlgorithm
Training Set Training
Fitness 0.011043928264586094