2.5894335399145416,-1.0317124340761146,0.06321406046890599,-0.8700879858189472,-1.7187167902843674,-1.7732184465346397,1.3198484235019965,-0.7745767363661042,2.3228669427670123,-1.6175566166759763,2.4622848447280754,2.070927029574087,-2.535603196477421,1.6302157486223083,2.747541207619447,-0.26465120689703436,0.5781769737119687,-0.2320892377783489,-2.3132426739770517,-2.7409304876314535,-0.21648503576810196,-0.0931078783795723,1.2378473768065472,-2.5989868528208353,2.762742677575817,-0.8054316970498508,0.5756612147758319,-0.35907464146225276,-2.643723478961348,-0.4251911996049096,-1.8749612704023075,-2.703651111151311,0.328940709801112,-0.23643549640932418,1.1151958442233494,-0.5162705066748301,0.04157362297065434,2.8056483748468284,-2.5755797117599513,2.760504155375898,-0.6587637330572732,-1.495198419546372,2.5321097696270574,-1.6700529600482268,-2.799863040545762,2.782844589949742,-1.1192744427171628,0.5729690994740883
numHidden 	5
numGenes 	48
minGene 	-3.0
maxGene 	3.0
popSize 	200
maxEvaluations 	20000
mutateRate 	0.04
mutateChange 	0.1
seed 	1585237847815
random 	java.util.Random@5e265ba4
neuralNetworkClass 	class coursework.ExampleEvolutionaryAlgorithm
Training Set Training
Fitness 0.09711756707024183