-1.9913259299825343,2.5134810910042247,-1.4255080469537318,1.9559765089445333,-2.79284952970531,-0.8154524279030111,-2.4981083111773104,-1.07951596068772,-2.0532791729156115,1.662132108954712,-2.440630305300714,1.6928065213352834,-1.8443845547436224,-2.735515119670292,-2.5115505479301943,-0.49161491728100903,2.544848036574648,-2.133912820812172,-1.3952655578384046,-1.624071541140219,-1.984307705232358,-1.3535975773449116,2.5463784040613167,0.37739967192616886,-1.5505510988761542,-2.1537411842222562,-0.042056915063839545,-0.9275706975205477,1.4930189564905132,1.9444963562381004,2.4799908187473796,-0.3124379482183838,-1.8731580852050014,-1.8625652607559262,-2.343441988789327,0.15941726699388312,0.912304992525142,2.1111409426513656,-0.9480459375629399,1.9270144126331572,-0.4362208515949352,-2.8586051414936664,0.7851229707632655,2.3321863949368877,-2.6240188826442514,1.4386758882075745,-2.2558933266910737,2.7881770023755594
numHidden 	5
numGenes 	48
minGene 	-3.0
maxGene 	3.0
popSize 	200
maxEvaluations 	20000
mutateRate 	0.12
mutateChange 	0.1
seed 	1585662373731
random 	java.util.Random@5e265ba4
neuralNetworkClass 	class coursework.ExampleEvolutionaryAlgorithm
Training Set Training
Fitness 0.14567588415884475