1.023781369459134,-3.8968697372721017,1.1760310212134026,-1.5076495760359805,-1.493112402461036,2.981685715523869,-0.6483278831554502,1.2566740503969012,0.9037114982836743,-5.340406663997338,-1.6479440925932374,-4.728011275303868,-1.7113642967660798,0.11736627636115937,0.6726220179441742,-1.1272347607995978,1.2680108712631508,0.03482752230487307,1.1293496034349655,-2.302445181567643,-1.9534538446116683,-1.4039640661191752,-3.636922087576588,1.3276520671961283,2.8366466139805944,1.4979854984809169,0.6451165145034419,-0.38502860296380703,0.02494274990359635,0.8776123456686449,-0.7705526673506873,-0.5755814938162023,0.9692428429551478,-1.9349877549725503,-4.950448293071457,1.8031495923212892,-0.8043771266509756,-1.0483782088352056,-0.4518680658094576,-2.1862867109176607,-0.6506491878138423,0.08048307016575418,0.3557308369369929,3.6801877972444927,-2.9751689121548877,1.3215650630952975,0.39948732773516404,-0.5039700119489314
numHidden 	5
numGenes 	48
minGene 	-3.0
maxGene 	3.0
popSize 	200
maxEvaluations 	20000
mutateRate 	0.25
mutateChange 	0.25
seed 	1585610841862
random 	java.util.Random@5e265ba4
neuralNetworkClass 	class coursework.ExampleEvolutionaryAlgorithm
Training Set Training
Fitness 0.07558730051216715