0.748764003455956,-0.3118866899677319,2.746504548858585,-0.3568639012533405,-1.7960347031927215,-1.5841001066981197,-3.0227722164342534,-0.6238898563821755,2.756883634278124,1.9544296011898672,-2.3464620584245828,-3.2330383238006397,-1.3664615864848273,-0.09816979246351581,-1.6431604221029659,1.4098376848583134,0.2923800444260243,-1.5206205711681393,3.19035829168393,2.4584034828096586,-1.0547349174085496,1.955023143086417,-2.7228619421825426,-1.9860467847267287,0.8986715273910098,-1.5924363958129573,1.9487072362668976,1.3460569740489106,0.40317983242042826,-2.982114933816164,-2.5135379603109285,-0.895430172879409,1.0816652340889323,1.2278782432225874,0.4789878752361368,-2.595125480091052,1.3265718486612663,-1.1004794575307464,-0.8027906368588964,2.4287779564894407,1.714057353174431,2.635869059201304,0.6654344261729719,-0.01847237864192014,-1.922278710225086,0.4925182593144934,3.320027520986657,-0.11903883678749405
numHidden 	5
numGenes 	48
minGene 	-3.0
maxGene 	3.0
popSize 	40
maxEvaluations 	20000
mutateRate 	0.2
mutateChange 	0.2
seed 	1585234238038
random 	java.util.Random@35d89ca1
neuralNetworkClass 	class coursework.ExampleEvolutionaryAlgorithm
Training Set Training
Fitness 0.14200086571109077