-2.532456000577276,1.00375768735789,-0.026115482859505157,-0.30442406950595036,-1.6297873738708648,1.6759247615614967,-1.5024348528766636,2.9438139107260293,1.4111420685569165,-3.522615663572619,-3.1894779114666423,-4.548714778024177,-2.0517502842596533,0.12271056039600658,0.5754126301296969,-0.8865882078539151,-2.770011667171162,0.23104669557385904,1.9163711491919937,-5.147482711099699,-0.7033973022976281,-1.197141049481175,-1.1568731880912906,2.5178864685802917,-0.4891044178316011,0.33301761454661705,-3.5114415205894023,-2.9058830789233268,1.6932913491320436,0.13216771787691606,-1.8157170562243596,1.269219388476858,0.9824763085429873,0.3092062499357211,-0.6108909512684146,-3.361473478465113,1.3768782383597697,0.6860475354574729,0.6629217991203964,1.7325811036788359,0.18372679792124114,-1.8282860807762433,-1.2562008774078075,-0.34321337753506587,-4.9385712515148334,0.3161504657052605,-0.4111061297547911,-1.08229137064028
numHidden 	5
numGenes 	48
minGene 	-3.0
maxGene 	3.0
popSize 	200
maxEvaluations 	20000
mutateRate 	0.25
mutateChange 	0.25
seed 	1585607790078
random 	java.util.Random@5e265ba4
neuralNetworkClass 	class coursework.ExampleEvolutionaryAlgorithm
Training Set Training
Fitness 0.010313960933486539