0.5180631824707715,4.741185623203764,-2.70707577094376,0.13521825884821492,0.47049390987591355,2.469769807341221,0.24853396040969322,-2.7971734038115468,-3.927412787164072,5.469468674714218,-2.366325166094175,1.1080300189017729,1.1494950738821217,-4.975527275419467,1.0516332425159007,-1.6045524570825296,0.8330383616461443,-4.961036053558802,-1.6125699782625198,-1.656188853561416,-1.517494246805093,-0.15866219629155065,-2.0673284254363526,3.0661498305733526,-1.2008772322506616,-0.1302991488452383,0.11382874513438113,1.0003741666170178,0.6114251158966626,-0.18304499049007283,-0.734951880697436,2.074627673553655,-0.09161987245420677,0.7727580622050614,-2.670046563764273,-1.6155026077822647,-4.015793042520319,-1.2038599045817664,-2.242240740875064,2.209420588988997,2.2834597883446284,-1.8134647996718605,2.1773736068189615,-1.3766521542086347,-0.8029560372370423,-0.257526485067177,-0.06096872346636406,2.5699685051273295
numHidden 	5
numGenes 	48
minGene 	-3.0
maxGene 	3.0
popSize 	200
maxEvaluations 	20000
mutateRate 	0.25
mutateChange 	0.25
seed 	1585236735300
random 	java.util.Random@5e265ba4
neuralNetworkClass 	class coursework.ExampleEvolutionaryAlgorithm
Training Set Training
Fitness 0.007630035959546717