-2.8512915085361445,-1.553506363058725,0.2744484892158825,1.412831918428795,0.7245290070856325,0.26059518539774906,2.005172663011897,-2.015915186812765,0.7894628938636679,2.4037283243943106,-2.7066270655477327,-1.0275977325372034,-0.026822722901772345,-1.1179074371756972,-0.3141841499440048,-3.248626297811711,2.793707574645306,-1.1685628881854635,1.7652946671817764,2.3982803512398156,-1.0437707375634342,-2.1304597690939104,-2.1186796719938448,3.3584289809383403,-2.57437593480316,-0.13983829006660642,1.2096283721486794,2.407768873684267,0.6773200852230685,0.7776178536416536,-1.7802112430010069,2.457434418382234,-0.8226290103351284,-2.5080134472789126,2.3704366319584356,3.7184612252553304,-1.0232780638955115,-0.6366921914900776,-0.4706223927706392,-0.5929639782142799,2.076096490522974,-2.2109934581529735,2.4810546215743234,-0.7297530059369803,2.676920082635725,2.042123847986609,-2.0633995783644337,3.2494139625271607
numHidden 	5
numGenes 	48
minGene 	-3.0
maxGene 	3.0
popSize 	200
maxEvaluations 	20000
mutateRate 	0.25
mutateChange 	0.25
seed 	1585250095262
random 	java.util.Random@5e265ba4
neuralNetworkClass 	class coursework.ExampleEvolutionaryAlgorithm
Training Set Training
Fitness 0.03215760606075946