1.1040011129319187,-2.4840283636206415,-0.2624801712907572,-2.429796317143415,0.3970629957993066,2.6130678330262587,-2.542629345687504,2.5231040295718206,0.4927984598396735,-3.2728879056534064,-0.6736461359721828,2.9621150603065667,-0.9746534398360591,-2.6713332038967295,1.641661345696746,-0.6745401462427454,0.4298955567303784,0.2039855749501518,-1.9318417208431509,-1.7677638282769057,0.5366351338262678,2.4624106687865535,0.2292366253276512,2.982344958897974,1.0037111084743913,-3.2642739096857496,1.8541699026735854,2.1326181915356104,0.5744731000172676,0.868716897891558,-2.252466067325871,-0.3728852358895982,0.6892279797014194,1.3669921914211738,-2.3900719083215742,-2.354905289842373,-2.535866670325837,2.5224170461531115,2.1904061142251052,0.9532354874031528,-1.0302136693279098,-2.5216981909098175,3.389694817801276,-0.6408064311217938,-1.900512672153312,3.2757895566887454,2.0094530064572282,2.3616673506769867
numHidden 	5
numGenes 	48
minGene 	-3.0
maxGene 	3.0
popSize 	200
maxEvaluations 	20000
mutateRate 	0.16
mutateChange 	0.25
seed 	1585671749445
random 	java.util.Random@5e265ba4
neuralNetworkClass 	class coursework.ExampleEvolutionaryAlgorithm
Training Set Training
Fitness 0.12569677815235514