-2.518819679050123,-2.0541818211050242,-0.8892555736749435,-1.6195762073595676,1.6701417188048344,2.242665987234501,1.7868000902275791,2.741553033274513,-1.7981258253740955,0.4261629060331049,-1.8571283419974651,-2.152423064577476,-2.8294487834376936,2.0667491125481883,1.0593647396634416,-1.4269691623074139,0.18328512750034362,1.765423552880581,1.488176685524961,-1.5174464726247971,-0.8827656659499068,-1.1259976711145638,-2.534516955779865,-2.970071492433194,-2.3103122252549912,-2.408468924437745,0.37682231431821367,0.1342746178673369,-0.4682169201133324,-2.049926768716632,-0.09364767804052937,-1.4262441110528612,1.5483199372016738,1.9417641652400541,-3.037301879516679,-2.2054015705910137,-2.9245771726580263,3.0151971485194076,2.6718566450341297,-0.971869788013665,-1.2853941743877328,-0.6171237042835729,-0.33682708058967037,-1.3590247747438322,-1.5739118442922944,-0.5673572857755057,2.347446032768732,0.11346001132959885
numHidden 	5
numGenes 	48
minGene 	-3.0
maxGene 	3.0
popSize 	200
maxEvaluations 	20000
mutateRate 	0.08
mutateChange 	0.1
seed 	1585661402815
random 	java.util.Random@5e265ba4
neuralNetworkClass 	class coursework.ExampleEvolutionaryAlgorithm
Training Set Training
Fitness 0.13378706601479382