-1.4948772875179341,-2.001469763766111,-1.82563990707677,-1.3076650708448414,-2.861234550996875,1.2302980707057944,-1.3499707057894954,-1.4846460821420664,2.2245912330810684,1.93590897873535,1.930229799251204,-1.8268717830341554,2.7938694691458195,0.04470765391963291,-2.548849562455402,2.56436802813498,-0.8282860220061843,-1.3583304892727182,1.265299407778703,0.610549216868107,2.219670358075201,1.1437322103950547,-0.4473461204605178,-1.9582203177626123,-0.7633586633958584,-0.20786938154026427,-0.8830326159016866,0.9809167194129857,0.5338335228283856,-0.5917994605242496,1.7298336403656411,2.1412360421963528,1.363521338139618,2.606023008470047,2.623569810786775,-0.2684396257048416,-1.7903241779703816,-2.4365013245198583,-2.980693543528762,-3.353006443958139,1.3201360329114085,2.272068454066455,0.8147068435855405,1.324559078448449,-0.9570338665962029,1.7380283796895886,2.0335602890454734,0.446409756264868
numHidden 	5
numGenes 	48
minGene 	-3.0
maxGene 	3.0
popSize 	200
maxEvaluations 	20000
mutateRate 	0.04
mutateChange 	0.1
seed 	1585239307506
random 	java.util.Random@5e265ba4
neuralNetworkClass 	class coursework.ExampleEvolutionaryAlgorithm
Training Set Training
Fitness 0.035314835035253754