-0.17404280202615574,-0.9581409616465213,-4.2719739385351625,-2.669346040172091,-2.527522432845,-0.6340884332387717,-0.0665907902707219,-1.5572092171293113,-2.0771821627015616,2.729116023181084,-4.683416611440962,-1.1431308111768865,-0.8655571875323731,-0.035193549232787724,-0.5694208774172194,-0.4095857350366936,1.984770488033318,-2.383003231322261,-2.7678118895267994,4.03279761825395,0.076253516034547,1.106431487776078,-0.7694236290475489,-0.6269752165246307,-1.8362506069957583,-1.951427595578667,-3.9507067203716852,-0.5199123926579183,0.17067284091104895,-0.0760967315794101,-1.589837613069693,-3.6545577047033824,-0.9837197140440308,1.1661607206887226,-1.8528548696830907,1.6561532880795937,-2.5802026522253536,1.2868436557213592,-1.8546183860933398,0.4637309220460937,-1.0220414982378272,-3.355422430850606,1.8252208299574049,-3.252325596439726,2.380889917651886,1.1456542934395912,0.7031594366445635,-2.3057860559176007
numHidden 	5
numGenes 	48
minGene 	-3.0
maxGene 	3.0
popSize 	200
maxEvaluations 	20000
mutateRate 	0.25
mutateChange 	0.25
seed 	1585608663992
random 	java.util.Random@5e265ba4
neuralNetworkClass 	class coursework.ExampleEvolutionaryAlgorithm
Training Set Training
Fitness 0.10666218466438213