-3.566764189299735,-2.646386504681791,-3.38808988013068,-2.9809156462399145,2.7472831870791197,2.329276336664325,-2.7248193540462715,-0.11358457844955083,-1.4890329218441964,1.4604594641304818,-2.4638663372915017,-0.9226703893654813,1.4486915011869308,-2.5386934066984,-0.9753550437518825,2.8196430488676825,-2.551162974651014,-0.1867279192011302,-2.446706557225042,-0.17274212339667327,1.9322798563682406,2.992641769523467,-1.9132146031763106,-0.5593762171115948,1.0569833490132705,-0.417608679413612,1.2180755114129909,-2.8860929172064163,0.40020285975291525,2.473885049474143,-2.427001809299464,1.6330859844878973,-0.19523293565855182,2.330720596148578,-2.421104047533473,-2.6152682794162745,3.5583192475027685,1.641315249650102,-3.016098815446167,0.11828932275669768,-0.5056758888816693,-1.9713677109724834,-1.5977972301506131,1.9552113749339934,-1.038929851957962,2.5147397304517884,1.7367970362707368,0.896352324521704
numHidden 	5
numGenes 	48
minGene 	-3.0
maxGene 	3.0
popSize 	200
maxEvaluations 	20000
mutateRate 	0.25
mutateChange 	0.25
seed 	1585234922021
random 	java.util.Random@5e265ba4
neuralNetworkClass 	class coursework.ExampleEvolutionaryAlgorithm
Training Set Training
Fitness 0.012731121782116994