2.7749432437222143,2.41880948207181,0.6646761990916882,0.027505032874774543,-2.3340508117255974,-0.3933015107424259,1.193826758894434,-1.7926665792364496,-2.556005518655059,-0.9588094094418326,-0.3282886394522838,0.7845272563284837,0.7136802465314059,2.669753923520774,-3.451648542230896,2.814568737391426,-0.014067169036044685,0.029113257948724075,-2.193934660234695,-0.031695197318826,1.194922223116983,3.2565389572559966,2.1693046015236574,1.1722867621947106,1.8268276076204057,-0.32376255520908914,3.4609284178188573,1.502890841842183,1.3783592167039564,-0.015095550658449836,-2.0750305886691214,-1.3161312148872508,-0.5483844113501003,2.0710454813064763,0.043371238831436176,1.116268150957473,-0.08197219943929479,-0.7492787929886101,-1.8809031991371454,1.0864637786714106,-0.9521868174452116,-1.9120863905753547,-1.2195716144241022,2.152337622911643,-1.1974651758730124,2.0907654872777774,0.6812050300517081,1.899438533680157
numHidden 	5
numGenes 	48
minGene 	-3.0
maxGene 	3.0
popSize 	200
maxEvaluations 	20000
mutateRate 	0.12
mutateChange 	0.1
seed 	1585663980241
random 	java.util.Random@5e265ba4
neuralNetworkClass 	class coursework.ExampleEvolutionaryAlgorithm
Training Set Training
Fitness 0.0963539520902148