-0.026670501015162912,-0.005160305690992434,-0.7261131891428759,-0.811521954718931,0.9568466745463629,-1.978716817577158,-1.438518822794669,1.8786580249572054,0.043139148273435346,3.026833819603231,0.48752903220921895,-2.3079800672217528,2.769736082495276,2.5225997307009353,-2.409588032365929,1.7729789758128036,1.8786338443236734,1.3295035512842506,0.3745813547911764,0.30877703238051546,0.8168777962903415,1.152574522154644,-1.6755513873249315,-0.02900629481011449,-0.20997298019583097,-2.0101520071088244,1.344735921506973,-0.8232822172170255,-2.993032938865094,-2.3166227724887816,0.4343087499246747,-1.424874635524655,1.838519243057064,2.3382276096868244,-1.4717595576359224,0.37732753465188484,0.18378013965848758,-2.458824400732695,1.4581007235936876,-0.15304794815273856,2.197107443818771,-2.9957983665245163,-2.516814379746312,-0.6439603597901262,2.0751552826089634,1.3387185378029751,0.5356496810428366,0.8854392242231589
numHidden 	5
numGenes 	48
minGene 	-3.0
maxGene 	3.0
popSize 	200
maxEvaluations 	20000
mutateRate 	0.08
mutateChange 	0.1
seed 	1585662024214
random 	java.util.Random@5e265ba4
neuralNetworkClass 	class coursework.ExampleEvolutionaryAlgorithm
Training Set Training
Fitness 0.11217711272842705