-3.6659237207178825,-0.6945884643246102,-0.6612664642231915,0.2207225020249041,-0.9961307883548619,-1.2226955263294739,-2.0474807476798467,-2.290445585821345,-3.255570521325574,-1.4343063811847674,1.412217079792192,9.883902152450497E-4,-1.7007843245079077,3.0748033634514798,-1.5733865965727358,1.3248106007657472,2.8925325535325297,-0.8735299073989861,-1.6166482476659585,-2.057513687510845,1.230885414824432,3.395242624479147,0.7698049621391168,1.9939034808318246,0.2484549911419223,-0.7256302724147952,-0.8477066013692636,1.5907412665112917,-0.03940295688391576,-0.37367897440552134,-1.559358002986941,0.1341384624839929,2.2248159748034175,3.2539152368267743,1.3193600886839538,-0.9644934462371383,0.381712387990777,1.1480485268246388,-1.0814704435975218,1.958003658990684,0.008945230271561744,-3.974561970705507,1.4267808979222205,3.5723592777760436,-2.380694944393529,1.3147200606487865,1.1655341952837608,0.4844107634847312
numHidden 	5
numGenes 	48
minGene 	-3.0
maxGene 	3.0
popSize 	200
maxEvaluations 	20000
mutateRate 	0.25
mutateChange 	0.15
seed 	1585673620811
random 	java.util.Random@5e265ba4
neuralNetworkClass 	class coursework.ExampleEvolutionaryAlgorithm
Training Set Training
Fitness 0.025632441038856188