-2.2059220440568725,3.7763468557592272,-3.058221626233962,-0.19923491885655142,0.8481368637683291,-2.3466556271767365,2.079350719441263,2.9448713456140956,-1.9107227432164766,1.4233586261554256,-3.245935807698653,0.09823990223182699,-2.536223623235564,-4.930931362374427,1.7809081571266576,-4.581675114018438,-0.9911435965920363,2.961397333104613,1.6951223807192841,0.11140052744388829,-0.018363067412605627,0.6415024743200539,0.1343367242167708,1.4609283743733261,0.5808729568311826,0.37956111480296606,-0.3772060665812855,-0.5943655793169353,0.8991154999280102,1.0556950447456588,-2.386937422686021,-0.9211411831734417,-2.0871519381765573,0.250183609861069,-0.4706811655293066,0.03128231410500826,-2.5744208318024286,1.7094081171651894,2.38245078727738,0.35718618557803783,1.9237898323585974,0.32076555734191814,2.5409062475514634,-1.120056194322001,0.5380576787718869,-2.865910602761301,0.44238090760826143,1.1754928335217194
numHidden 	5
numGenes 	48
minGene 	-3.0
maxGene 	3.0
popSize 	200
maxEvaluations 	20000
mutateRate 	0.25
mutateChange 	0.25
seed 	1585240992789
random 	java.util.Random@5e265ba4
neuralNetworkClass 	class coursework.ExampleEvolutionaryAlgorithm
Training Set Training
Fitness 0.005268137574077563