-2.0163898447163837,-0.04998114390978742,0.014195483021581079,-3.069315591432268,-1.8027060563183863,-1.9504348240267317,0.1560416551668482,2.627303361165776,1.7762530641183019,-1.5116947976356996,-2.1838756678291764,-0.18854487594584113,-0.6431635099400594,-0.7587160597057647,-2.2732110777275554,0.08709442892726332,-1.8067840688952856,-1.340360982488388,-0.006682185483579739,-3.1228297389824506,0.4067615931402179,-0.4165989694442816,-1.769794575887845,1.3212288361363995,-0.37613807977376085,0.8538528247225354,2.3252741918766233,-0.631237219079759,-0.5245858162177195,0.5833483280580434,-2.170334743965358,3.2306956640370954,1.1277036225432007,2.4713450822861454,-1.6880252838150454,-0.9239991521184354,1.0983671492729006,-1.526229600924556,1.3425365839465613,-0.927434522314178,1.8826264049858807,-0.16130493220370956,-0.9109073334758271,2.9710161619661766,-1.2260430077181215,-0.2853490431085154,-1.7921801232191326,1.417334773564061
numHidden 	5
numGenes 	48
minGene 	-3.0
maxGene 	3.0
popSize 	200
maxEvaluations 	20000
mutateRate 	0.16
mutateChange 	0.2
seed 	1585670965854
random 	java.util.Random@5e265ba4
neuralNetworkClass 	class coursework.ExampleEvolutionaryAlgorithm
Training Set Training
Fitness 0.040994802594235685