0.9211053234977397,-1.0762185190976188,1.4496321247010822,0.5551305974925411,2.154022462437819,0.6081812712634209,2.6260692593527124,-2.480396663494386,-0.887882936427784,-0.5635413751519848,-0.8991242739869971,-0.6974904423834509,1.379401026624858,-1.878455406501157,-2.6464913416870504,0.849872113399248,-1.186962568399363,2.4236037099167396,-2.2764104426454037,2.0591900273235932,0.7489508141436507,-2.6709447050363733,-2.874621468816464,0.9780260387299223,0.26213681069114814,1.7992291469019066,-0.15740068200581306,2.0376780389427642,1.8262369183320386,2.3620352693066557,-2.5481061517048396,-1.4150403165307335,1.933743241304144,2.283693920307378,-1.6912674913997756,2.3575363282002533,1.2924960412412987,0.15874703056454162,1.35265200296184,2.568186834873533,1.8059314364358396,-1.8047576654198725,2.349240613328689,-0.17922154250797126,0.5738348590712942,2.148156240870838,2.484337695449046,-0.5243289265187445
numHidden 	5
numGenes 	48
minGene 	-3.0
maxGene 	3.0
popSize 	200
maxEvaluations 	20000
mutateRate 	0.12
mutateChange 	0.1
seed 	1585664195023
random 	java.util.Random@5e265ba4
neuralNetworkClass 	class coursework.ExampleEvolutionaryAlgorithm
Training Set Training
Fitness 0.12369832327789046