1.0320995296092748,0.3319015572075589,-2.1984622141054477,1.550502289487711,0.28209637332551996,-2.651774398593306,1.5428946803889407,-1.3293574655097322,-1.6711494209224298,2.233865894984997,-0.8353503142073163,-3.035164306598259,-1.3418071687049733,2.716596398479797,-0.6777228642777761,-0.31582036295755556,-3.679076707036797,-3.3806846703668283,-1.4422539496968776,0.6004289554272594,-2.087647859404501,-2.090595745249602,0.42000248225659353,2.2683301611826425,1.221478749282166,3.2865735210206624,1.1948079009491002,-0.5815479018312576,-0.3524971882575333,2.710690982868822,-0.35466461757720347,-2.5283405548767592,-2.351842097565473,-1.7152297252348947,0.8004754406200243,-1.5511968590385923,-1.1613471192345053,-1.5405369907992819,-2.099151937061786,1.319119764276068,1.4018055930025963,-1.9359285690740466,0.9230673625174847,2.088256411475499,2.499248712800305,0.945270839578734,1.350847355668737,-0.12824130948258852
numHidden 	5
numGenes 	48
minGene 	-3.0
maxGene 	3.0
popSize 	200
maxEvaluations 	20000
mutateRate 	0.25
mutateChange 	0.15
seed 	1585673283727
random 	java.util.Random@5e265ba4
neuralNetworkClass 	class coursework.ExampleEvolutionaryAlgorithm
Training Set Training
Fitness 0.10251906442551438