-0.6547118750041951,2.211499757504181,2.6408543004070157,2.162399459903827,0.2935216673262646,2.860663491383029,2.322614811784153,-1.94295225299688,2.8379618265841122,-1.7514844182292986,2.222937858382549,1.6963045995810684,1.9714613482325563,1.2404705483145309,-0.8012995200769721,3.0642897754220857,-1.7644899937046445,-1.8362285197165553,2.306175731720744,-1.9074332081003043,-2.552189601900012,1.2225447878426055,0.2964027292488969,1.3457979726117126,-1.4035186688739294,3.0241320141635932,-2.5352007970159818,0.8152266577887565,-0.25171247701896926,-0.9125606758018358,0.7264413002321959,-1.9868083746447587,0.05071879712796948,1.6083395877867273,-0.21039583253100927,-0.6650837892227779,-0.3723381830712652,-2.551036590384739,-2.8111681845661503,1.9643700510329278,0.875828917326173,1.4970057873553682,2.064974823338702,0.9990442340065467,0.21403301877089334,2.457979514886111,-0.3566938952113947,-1.4959733550399097
numHidden 	5
numGenes 	48
minGene 	-3.0
maxGene 	3.0
popSize 	200
maxEvaluations 	20000
mutateRate 	0.16
mutateChange 	0.15
seed 	1585669715901
random 	java.util.Random@5e265ba4
neuralNetworkClass 	class coursework.ExampleEvolutionaryAlgorithm
Training Set Training
Fitness 0.12192634297657308