-2.827733348439594,-0.04802852147402098,0.24017309235602624,-3.446341280591081,0.7779001471645786,-1.9191835367569356,-0.31914318576731365,-1.290384243855534,0.6229003918323248,-1.391855628881318,-0.6601879147781224,-0.00757309323163885,-1.9792135348801028,-1.1016696837722877,-1.303892227958105,-2.5439883177998497,-3.536429761689496,3.278394077364366,-0.6383134829217121,0.8038647110916215,0.008312494015598304,1.3343413836754967,3.1567233244499278,0.7451521141937214,-1.4011013505966374,-0.23131280709633428,0.13303983592651553,-3.880888548319198,-1.6818605721778388,-1.0260674430344834,-1.9845155957285188,2.2970220377732358,-2.4382141111071447,-2.6923721856923457,1.771420646308526,-1.4043823880381938,-0.889967268897041,-3.226984886900992,-1.3537947771189471,-1.0520723601233433,-2.756432975184762,2.415099256370846,-2.1822360512932124,-2.7228608132195977,-1.5897934758062935,0.6353583879462608,0.026118300620240953,-1.6938185837833768
numHidden 	5
numGenes 	48
minGene 	-3.0
maxGene 	3.0
popSize 	200
maxEvaluations 	20000
mutateRate 	0.25
mutateChange 	0.2
seed 	1585676087390
random 	java.util.Random@5e265ba4
neuralNetworkClass 	class coursework.ExampleEvolutionaryAlgorithm
Training Set Training
Fitness 0.10873020420081005