2.9056715364465244,0.11046468630838735,-4.415386722775977,1.1599610368390083,-0.07051327650523603,0.7052774029947435,-0.9022781510536191,1.8481620426919891,-2.684869046797872,2.0706717682948783,-0.01590747961292366,1.874716530144766,-2.665209540494705,-3.2180189547272526,-0.5099089138242039,-0.014638718677197848,-1.767125928176486,0.15767362977537958,0.7173309415393281,2.6425756606194515,0.5852990611264832,-0.6193197399492243,1.1863062933083894,1.3337993030027235,-1.0744373040163386,-1.7960876408032793,-0.7336578992142802,-1.3886318092272112,1.9994523980766206,-0.221712257103301,-1.9110150883317962,0.10619802626877273,1.2551700349739683,-1.141621797441711,-1.374364468172986,-2.157210975109101,1.1580659909816209,2.7950926261403706,-0.3886075177278407,2.3061773956770137,0.039103814182136654,-2.6833975386980624,2.5357473266647195,-0.728000337109961,2.4435928595062744,0.5280140080492906,0.3969483936286204,1.208889678632401
numHidden 	5
numGenes 	48
minGene 	-3.0
maxGene 	3.0
popSize 	40
maxEvaluations 	20000
mutateRate 	0.2
mutateChange 	0.2
seed 	1585234238038
random 	java.util.Random@35d89ca1
neuralNetworkClass 	class coursework.ExampleEvolutionaryAlgorithm
Training Set Training
Fitness 0.09533577204877441