2.737054823801016,-0.6815338316208498,-0.2867478772105152,2.746611703071877,0.6733837624610168,0.3309427654123773,0.43222931017878385,-2.8649070709907676,0.10574482404399743,0.3059831225103492,1.7826308386583611,0.5317500092322087,2.0646842371288887,3.02678698233539,0.6779008790690705,2.374138108871891,2.9423020555238364,-1.9136858256868892,1.5433066002037679,2.3903597638877154,0.15354370604353332,1.1560172883462405,-2.9874889321083113,-1.0098877091053158,-0.7976842351386636,-1.9923397950656003,0.6995919380311064,2.621193901812712,-0.6060358521734535,0.3937286731969184,-2.9816777501073015,-1.4243163596271615,-1.1694212217182658,-2.9412650862643384,-2.6658033345563306,3.0655594194649187,-3.041992162779397,-1.5419839544827845,-1.7141382318946587,0.6605637809074354,-3.096611024966082,0.6024203623596903,1.8012810861626476,0.6916747809499126,2.4494244474263507,2.426577380456713,-0.3398653003791813,-1.8284151128872121
numHidden 	5
numGenes 	48
minGene 	-3.0
maxGene 	3.0
popSize 	200
maxEvaluations 	20000
mutateRate 	0.04
mutateChange 	0.1
seed 	1585238152357
random 	java.util.Random@5e265ba4
neuralNetworkClass 	class coursework.ExampleEvolutionaryAlgorithm
Training Set Training
Fitness 0.06749831596322288