0.49545299332198345,2.57021488960202,-0.8565121696377744,0.3618571644387032,1.5959429689948452,1.8409754148081579,2.4915709035744142,2.2700310798379446,-0.717755932326779,1.6587610488519577,-2.0860006255564083,-1.5921667795754597,2.984794224075066,0.7520538143773164,-1.728887810262005,-0.45163390935186654,-1.2121824264814047,1.1377070687715127,2.0370430148572454,0.4383085725501843,-2.075505737929153,0.5727495230326015,-1.518746845793501,1.7071938508812972,-1.074458964512804,-1.2522078045841458,2.1253442768486384,-0.9011005014905509,2.1664071936017395,2.4870681872550127,-1.1282785822717194,-2.416066687989714,2.132895032414462,0.45411338029785364,2.3690360617808675,0.3888291873026749,-0.6128708701905512,-2.116413929229847,0.8351959658343802,-1.0557952329911766,-0.034596784449854034,-0.03129681892646427,0.7020922979257169,-0.7942356526898866,-0.623454322604202,1.430260499726502,1.477048777571706,2.1427667054245574
numHidden 	5
numGenes 	48
minGene 	-3.0
maxGene 	3.0
popSize 	200
maxEvaluations 	20000
mutateRate 	0.04
mutateChange 	0.1
seed 	1585238539828
random 	java.util.Random@5e265ba4
neuralNetworkClass 	class coursework.ExampleEvolutionaryAlgorithm
Training Set Training
Fitness 0.12557542887054488