-0.18414041961333585,1.172328240496284,-0.44320579618096667,0.7990380477153236,0.9878406133553722,-1.4201800565233988,-1.5634083150533047,-1.3348148821255592,-0.349505805709746,-0.6113954457540867,1.4992731879333663,0.6580619883441972,0.7295490825646775,1.3559569698997591,-0.3192110801958272,-2.793742665201791,-0.164909003578307,-1.8802757809467807,-2.5570157293552924,-2.7686059353580683,-2.174148377098498,2.953599788400717,-1.1960688052338033,1.2056982161478538,2.2570313853784008,0.7401321663913083,0.3317917763346303,0.124050829066403,0.9219466365378722,-1.0142752754891686,1.5427791248926734,-2.2065134694878488,-1.5072858876200759,2.868676668154797,-2.642550381526334,-0.02134490536391634,1.1976056417274075,1.8156173051841056,-1.4792637285920467,2.8148023468831087,2.642630871863465,-2.1565236931345595,-2.320198565254592,0.8103806897410992,-1.807675673922574,3.183436006960468,0.03996083525358057,1.3094411199790632
numHidden 	5
numGenes 	48
minGene 	-3.0
maxGene 	3.0
popSize 	200
maxEvaluations 	20000
mutateRate 	0.04
mutateChange 	0.1
seed 	1585611341157
random 	java.util.Random@5e265ba4
neuralNetworkClass 	class coursework.ExampleEvolutionaryAlgorithm
Training Set Training
Fitness 0.10054753660660909