0.46306690591751565,2.493471631550671,0.4280397061040748,1.8758525110826492,-1.6460760952120916,2.9268032451447032,-1.2851436054132162,-3.894430976498046,-0.8350928838833198,1.891772940441955,-2.681671095320377,3.6543156301095303,1.7906186793832166,3.0400324232257017,2.3972968341627707,0.21326232521221655,1.5634953483275824,-2.5727598211693934,0.6946263613327797,0.3376387808405834,-1.371531128001914,1.785547272067212,0.39890641996469434,0.44371360587773356,-0.08436570264749865,-2.166097235945692,-0.2745437526435157,-0.40646140735484027,-0.3179299816499874,2.6750644489340027,0.11835025246215558,2.016880500138239,1.8376990114539913,2.339308469801253,-1.3876086299873776,1.3955044659379405,4.434118474430922,1.6420947022292482,-5.364022053066472,-0.12223673796504908,-3.3382388332326194,0.9998370766893245,-1.134776713980541,3.110574553586061,-0.563836712534016,2.4325418780985295,-1.9342550175026338,0.5228207407093795
numHidden 	5
numGenes 	48
minGene 	-3.0
maxGene 	3.0
popSize 	200
maxEvaluations 	20000
mutateRate 	0.25
mutateChange 	0.25
seed 	1585240364036
random 	java.util.Random@5e265ba4
neuralNetworkClass 	class coursework.ExampleEvolutionaryAlgorithm
Training Set Training
Fitness 0.010379739015702981