-0.8245340893897524,4.335956371419041,1.2167368306693103,-1.49077758041294,-3.0918202108086055,-2.8778567578657013,-1.6523060269722967,4.797539208788846,-1.394237046393175,0.5867453245250234,-2.278725198653799,-3.8684768780410965,0.2797675852192718,3.051331453957207,-4.864903735355607,-1.8882846475100612,-3.377868619114433,1.8044539974212004,-2.5800181694727327,1.8856893678003637,0.9979290517361261,-0.5930403165211295,-2.785923966874641,2.537053798144595,-0.7373255005144124,-2.570193215244595,-3.1279725500172453,-1.5669441361400755,-2.7487154102065263,0.16436851709411426,-2.6993168694160072,-2.773961876267572,-0.21614636217969307,0.6401249666447422,-3.2704651395513813,1.9676697635759375,-0.5310553720469733,1.0170609300271933,5.578453913518456,1.4960501299506141,-3.541860710175646,-0.4099830737690091,-4.3229532522336225,-3.105550238122512,3.36614646749846,-0.25034294052538164,1.869262921438139,3.896628429651625
numHidden 	5
numGenes 	48
minGene 	-3.0
maxGene 	3.0
popSize 	200
maxEvaluations 	20000
mutateRate 	0.25
mutateChange 	0.25
seed 	1585236378867
random 	java.util.Random@5e265ba4
neuralNetworkClass 	class coursework.ExampleEvolutionaryAlgorithm
Training Set Training
Fitness 0.10306847511071099