1.3449046128903506,1.697857784785976,-0.7111377320870194,0.9851768871106454,-1.7525257613073708,0.42917772930821413,0.693417331183884,-2.4307592096773636,-0.34397647046037716,2.025426169822029,3.0118963041312266,-0.6621042945740612,0.4471970334059507,2.5715487763197613,-0.019694387215749953,1.677496668907272,0.11766008826947838,2.842604486272009,1.2770090697222582,1.453977204987319,-0.5055897841157877,0.20966478940930988,1.671199849743336,0.21652108534768655,-0.9543007233776886,-0.028715434589767608,-1.4837850052675234,-2.594441436717447,2.3153065856976314,-0.5828289567136584,0.15242620759789538,-1.8191057137119153,0.8087652131056144,-0.854086190988808,-1.8159509974132781,2.644759964105945,-3.446498565927709,-0.8386253544230611,-1.9186747054307263,-0.018931680129534112,0.5357069327791801,-1.3374333913909182,2.1341380172869533,0.7661295459579303,1.0851235485165662,1.419589369681869,-2.95476710935177,1.8275765293312574
numHidden 	5
numGenes 	48
minGene 	-3.0
maxGene 	3.0
popSize 	200
maxEvaluations 	20000
mutateRate 	0.16
mutateChange 	0.2
seed 	1585671233080
random 	java.util.Random@5e265ba4
neuralNetworkClass 	class coursework.ExampleEvolutionaryAlgorithm
Training Set Training
Fitness 0.09485698350845312