2.504563511684429,-0.265371903874013,-0.23101886732220578,1.0850701751981084,2.717283479477455,2.819078933739606,-1.1563344762915486,1.9374867902994435,-1.024295839205951,-2.5590229486988525,-0.5861374556191479,0.5636706924321002,-0.9711021961381503,2.37794455873739,-1.2707511962835336,0.18015565069350492,-0.7178388835997045,-2.766803735171983,1.17041855403403,-2.570863792307148,-1.9624280490161055,1.0487666420636241,-2.7173353400059055,1.1464808864188711,1.944346306542168,0.026858343721158917,-2.0436787733816706,1.8324488918590944,1.3288501953900802,0.3943418631491644,-0.014683845440729204,-3.222097740430076,2.2568553912936036,0.25571625160058886,0.8350727716345849,-2.7976544783847404,-2.564755571283478,2.3454112067039876,0.6055045666125052,1.757764055649532,-0.6446226866102913,-1.2635378410989577,0.3664100147507199,2.211929281747513,-1.7677078151464245,1.4077587213952274,0.4385321441355656,-2.792117037474002
numHidden 	5
numGenes 	48
minGene 	-3.0
maxGene 	3.0
popSize 	200
maxEvaluations 	20000
mutateRate 	0.25
mutateChange 	0.25
seed 	1585774693781
random 	java.util.Random@5e265ba4
neuralNetworkClass 	class coursework.ExampleEvolutionaryAlgorithm
Training Set Training
Fitness 0.07005068655317498