2.1264072794299644,0.7235403062691298,1.721663891136083,-3.1978586144860692,-2.9490025264733895,-2.179180831300818,-1.2258519387801383,2.1749150776489903,0.7122777638745812,1.8296517625070283,-0.20013667757012663,-1.1093358169931151,2.806206990307077,-1.4825127999892935,-1.8495396487609301,1.6636748894925826,0.3997247761909102,1.6276417028419226,1.0580689018081304,-2.2894659444235383,-0.3017571524210281,2.17135812607542,-2.400740281939344,0.13390872984931637,-1.557584788130359,0.44215712679183294,-2.8349894119702808,2.906857260428337,2.7230865975002425,0.9811287414024843,2.288665802626511,2.810346483647282,0.3888735407803233,0.5042375529641148,-2.7618235279721253,2.0778189488496923,2.6438733893940203,-0.27736635971663703,2.070703926903147,0.03932870248074849,-1.5064524963426786,-2.3556141663087082,-0.12303171763636245,0.3339335382399051,1.894866853807633,2.84097505370222,1.8095170998798258,0.8727044038818192
numHidden 	5
numGenes 	48
minGene 	-3.0
maxGene 	3.0
popSize 	200
maxEvaluations 	20000
mutateRate 	0.04
mutateChange 	0.1
seed 	1585237765643
random 	java.util.Random@5e265ba4
neuralNetworkClass 	class coursework.ExampleEvolutionaryAlgorithm
Training Set Training
Fitness 0.16575859747096616