1.9631319512278833,-1.0328854765416398,1.4239035168667673,-2.705659802226047,-1.7214242398410708,-2.528787660516076,1.9872901622421844,-2.799495083439601,1.1517371372440603,2.7983823393071736,0.7533629021209983,2.9872096650349085,1.2948747439436161,2.5870229820712027,-0.12076776009559653,1.2237510262681104,0.4490923690289401,-2.6447128868061953,1.305158278555818,-0.1080394220381482,0.412760007479411,-2.7335823066377563,0.9996749078085975,2.768683825609807,0.3708556513377317,-2.3467204858107364,-1.2377031431565158,-2.436483205797564,2.9904063360038857,3.189038165774121,-1.9926207965847686,-1.8694098906603411,-0.25163293489778127,-1.9860169460017159,-1.7273752640907858,1.2649815963594797,3.1969610852340713,1.3890395053259672,-1.5468464665287363,-1.3763609185835446,2.247665693019152,0.1445602221290323,0.9569730628969573,1.57749017097981,1.3687069779557937,1.4285358040783427,1.6101070486935791,-2.1942870844406475
numHidden 	5
numGenes 	48
minGene 	-3.0
maxGene 	3.0
popSize 	200
maxEvaluations 	20000
mutateRate 	0.04
mutateChange 	0.1
seed 	1585611432217
random 	java.util.Random@5e265ba4
neuralNetworkClass 	class coursework.ExampleEvolutionaryAlgorithm
Training Set Training
Fitness 0.14937990027654172