-0.8816791147511607,4.309246491712699,-0.7402304979740622,1.0886790601925185,2.408387902861981,-3.399714846835697,-0.5081582090331835,0.8054840327392077,1.1372224050090054,-0.5249042211968762,-1.1406435579939962,1.9137304525748622,-0.4076112551457092,3.069258422490404,-0.22298483458116158,-2.9877410129894497,-1.250848429459646,-3.4443592071755704,0.7535462137843911,-1.5898548272942095,1.893108504129489,-0.9132329145516767,3.930524297617338,0.7056445990550486,-1.3642106388337885,-0.5102431023284724,-0.031896006661306764,-2.1082741679006007,1.783363252054258,-3.7522932488498504,2.3032418987229093,-1.6078191356284708,-4.30366532995475,0.713500138041085,-5.172535753300915,-0.5618352360057508,2.8933394569806614,1.8516376759816708,-0.009776321025580792,1.6383752372116476,1.704888870780163,-3.4092081615858207,0.9803711245872018,1.4769425886164846,-0.4768574801338774,2.5943955305813553,-1.5277455493743575,0.2914566817061317
numHidden 	5
numGenes 	48
minGene 	-3.0
maxGene 	3.0
popSize 	200
maxEvaluations 	20000
mutateRate 	0.25
mutateChange 	0.25
seed 	1585235724194
random 	java.util.Random@5e265ba4
neuralNetworkClass 	class coursework.ExampleEvolutionaryAlgorithm
Training Set Training
Fitness 0.04091061411160362