2.0870639358617984,0.8747500400594084,-1.4356967453436462,0.8953498587070017,0.8409315736837562,-0.3593899443303021,1.037299177466766,-2.863012161835046,-2.504249065149547,-2.2422672654204647,-2.1723767977093384,-2.3163357480019604,1.0095807692835785,-0.07837282987987121,-2.949926704697477,1.751419238806705,-3.6983954480706096,0.12821622796704746,-1.0683689282901978,-1.7075371871467886,1.2557097294368977,2.738736870710463,-2.7037542690989045,4.46882241264218,-2.4821797344005287,-1.90449344192152,2.708354588970848,-1.5404332324867747,-0.9292413472123482,0.053876730946150475,-4.147528289979148,-2.209834324724811,-1.2956021964850901,-1.935949360258175,1.30391153147664,0.8346591317917567,0.8203514087168349,-0.6076939819450333,2.0109456960957246,1.6909149345410937,-0.680571930710786,-1.8854813325873865,-1.6385689386399214,-0.13363376192630194,0.6165679381164249,-0.35425398089716276,-2.3528258656932994,0.33622776826352435
numHidden 	5
numGenes 	48
minGene 	-3.0
maxGene 	3.0
popSize 	40
maxEvaluations 	20000
mutateRate 	0.2
mutateChange 	0.2
seed 	1585234238038
random 	java.util.Random@35d89ca1
neuralNetworkClass 	class coursework.ExampleEvolutionaryAlgorithm
Training Set Training
Fitness 0.10292250261871658