-0.9581018837131592,-0.6563378334814847,-1.1863674570840497,1.0934273667633294,0.35103265012151436,-3.1247094794969756,-1.3875480512399814,2.7729814024868977,0.5495487576959737,2.2361515204498614,-1.5113501594944794,3.0013030994810848,1.849672239377895,-0.8358205514636619,-0.4314983191037568,0.5300156214437677,2.2826261286525074,2.3981168233652888,-3.3385766221201045,3.014340704696549,-1.6385711466686192,-0.24180183291092217,0.8065127090237569,2.673198154993792,-0.22971625499285953,0.29620846609684115,-0.895922095318183,-2.165749940494198,2.433187218344887,-0.740759021697597,2.0548899468918735,0.17051898732734633,0.42648672022186046,0.3829619710255321,-2.5642348797764063,3.0504428591895616,-2.800266421784837,2.389175041799793,1.6334348532921141,0.22596341536420522,1.456282902948556,2.708962019143132,1.7395231019044852,1.4734795847888729,2.6197019282611147,2.986660882578671,1.5778120688198232,1.9802325416865119
numHidden 	5
numGenes 	48
minGene 	-3.0
maxGene 	3.0
popSize 	200
maxEvaluations 	20000
mutateRate 	0.16
mutateChange 	0.2
seed 	1585671052460
random 	java.util.Random@5e265ba4
neuralNetworkClass 	class coursework.ExampleEvolutionaryAlgorithm
Training Set Training
Fitness 0.11971527760354626