-2.0803654780428475,0.7330379374356291,-3.123137823598273,-4.124626383528769,2.6366281251569816,-2.534135703594817,1.977528453301102,1.194461610439837,0.7365573247590977,0.7940496492684241,0.08799159302935111,0.05304714606604377,-4.429226547837643,-2.8609085545015427,-2.04258815758676,-1.620541149161944,2.6430131788861386,3.0023652482954795,-0.9114513150482888,-1.7714997257583178,-3.547540193124551,0.09808698879769606,-0.29242860137091387,-1.0468589372953385,0.17811876344187816,-3.911073130515778,0.05037425201902135,-0.6418971649616441,0.1094753676935305,-0.8353075545298765,0.6779798798499299,1.8755607478941414,-0.23448666456870493,0.8509828241519166,1.4144769432548125,3.0434164500675944,-2.8812192868878084,1.2686995223753383,0.5692952147185251,-1.005664268856254,0.0032977667423632617,-0.41321429656908926,0.11148283625078559,-0.7210272171451599,-0.6152833337242627,-1.130452153565022,1.9070080090778196,-0.6004558423028765
numHidden 	5
numGenes 	48
minGene 	-3.0
maxGene 	3.0
popSize 	200
maxEvaluations 	20000
mutateRate 	0.25
mutateChange 	0.25
seed 	1585610445884
random 	java.util.Random@5e265ba4
neuralNetworkClass 	class coursework.ExampleEvolutionaryAlgorithm
Training Set Training
Fitness 0.0064109767337371705