0.32377144856030426,-4.381177284427311,3.8607002421172485,1.6262505758008325,-2.017761897252713,3.33928419284487,1.6192154530548972,-1.9476810484180769,-0.29354520275736284,0.6365937207891772,3.2028952465103337,1.5962377807313626,-3.087456580765138,-1.6092370524513147,-2.8038980970505882,2.4766568887323466,2.899691931535088,2.9654893672009957,2.6006364066396506,1.3118622148075696,-2.046142850734988,-0.04844860960675579,0.10785882221453402,-2.3030448777552985,-1.5929376183054877,-0.6790782721895141,3.1867263467708913,-1.0526633813171427,2.3958822083172935,-0.837562709831186,-0.480577812600941,2.92835451988422,2.498251014578333,0.9022854648838834,1.720554305266658,3.092149473331421,-0.44921869907180345,-1.1675141698727598,2.617691236460722,2.231401037219274,0.5093237948214924,1.1279724993784752,1.4003040285849928,0.03585334584861499,2.2135477939926007,2.827801138103,1.160980670995139,1.551166786571419
numHidden 	5
numGenes 	48
minGene 	-3.0
maxGene 	3.0
popSize 	200
maxEvaluations 	20000
mutateRate 	0.16
mutateChange 	0.25
seed 	1585672006027
random 	java.util.Random@5e265ba4
neuralNetworkClass 	class coursework.ExampleEvolutionaryAlgorithm
Training Set Training
Fitness 0.11580740951452796