-0.06677410577144122,-2.338313896062034,0.8731437717526765,0.7327799799909825,0.9024062335545578,-1.600117892300064,-1.4634765235251885,1.7279659158351417,1.0016717772452997,-2.5198146353258806,0.24030172136539302,2.339609709981081,1.669989820779199,3.142437385910581,2.4957923154670283,-2.296432581138851,1.168943580142273,-0.8854227790669438,1.9185194069624942,-1.6945947183526662,0.22288110343322956,-0.9160102910607707,-1.656682663815097,0.7961114221807557,0.8160428460257345,2.6678564964750895,2.987076901357639,0.03629900913147335,0.16774985353205787,-0.5851747669494332,0.47064998928501467,-0.3536714780351725,-2.0655311375300625,0.3324159669463853,0.9329072865319031,1.5956389823028219,-1.447196668218616,-3.1158029111295824,1.7789294919956644,2.5079365705655365,0.14019600242020416,1.3378697602741316,2.7507971652804506,-0.16025452372333415,-2.3896367643386625,0.02001177538328186,-0.8065735423934002,-1.2418090546379854
numHidden 	5
numGenes 	48
minGene 	-3.0
maxGene 	3.0
popSize 	200
maxEvaluations 	20000
mutateRate 	0.16
mutateChange 	0.15
seed 	1585669591618
random 	java.util.Random@5e265ba4
neuralNetworkClass 	class coursework.ExampleEvolutionaryAlgorithm
Training Set Training
Fitness 0.0065593328738587225