-1.8985784892528543,-0.0982110740652331,0.7901130291558358,-0.4155857755847361,2.428024357361709,0.4962561473123879,-0.3800187627828677,-0.740770001407931,2.077010601084824,-2.7879873510776645,-2.173865985001325,-1.5022994411864108,-4.662719712297918,-2.6626372313216615,0.37588089050034235,-1.4407643931168814,1.1979297321302456,3.109357167778324,1.1022320527861766,-2.7162139765643505,0.059028040615733524,2.8088212532247177,3.580697510022711,-2.863696371976677,-1.4068508777103395,-0.38273089722834097,2.6787829009325517,3.988886019911165,-0.4645708169239926,1.2454062448107894,0.8909148051191167,2.571208038181365,-2.040781873723148,3.9190978849493714,-0.9304260976354888,0.5647657714980481,2.561189103126079,1.8223516978147254,0.3489609336780215,-2.451120446770811,0.13406929584961258,2.7980350440539254,1.9305692798680418,0.42632462919670644,-1.753051707772876,2.995717574354412,-0.789416714727385,0.8138793221071801
numHidden 	5
numGenes 	48
minGene 	-3.0
maxGene 	3.0
popSize 	200
maxEvaluations 	20000
mutateRate 	0.25
mutateChange 	0.25
seed 	1585612681847
random 	java.util.Random@5e265ba4
neuralNetworkClass 	class coursework.ExampleEvolutionaryAlgorithm
Training Set Training
Fitness 0.0971633822287209