-1.3301470427658146,1.2568837751807962,0.16351394025971097,-2.108903194349818,2.205607070226296,-0.11874488051761023,-3.61214548232535,-2.7038180736030086,-0.7707740258636946,-1.3004941721659131,-0.37746296456996686,-2.816306100867982,-2.439541278046898,-2.9518321630651174,-0.7372993154889772,1.5202598861982444,-3.8212370904210076,-1.6257191607614219,-0.6252079103020438,-1.6925516549438102,1.2642998826001057,1.2142632075184283,0.7150672188088676,2.914304918000308,2.131550144447548,2.102265612836874,1.3152908149250484,-0.4079750526320396,2.755778193216993,-1.9738920391088328,-2.119797863654606,0.04413869669855833,2.0406283139899934,-0.7061745318779064,-0.4418896437147326,-3.9107440818724566,-0.3393247459516462,0.3562708301664532,-0.899717292348111,1.8545941214782045,1.6358026607751581,-0.8488594754821709,-0.08341746065214362,0.6771782239648809,0.15482953025873727,3.1912166612156936,2.3641138765342524,0.0657778742571481
numHidden 	5
numGenes 	48
minGene 	-3.0
maxGene 	3.0
popSize 	200
maxEvaluations 	20000
mutateRate 	0.2
mutateChange 	0.1
seed 	1585666927891
random 	java.util.Random@5e265ba4
neuralNetworkClass 	class coursework.ExampleEvolutionaryAlgorithm
Training Set Training
Fitness 0.14790680146738544