3.814351660747538,2.0068006637424407,1.3951926704968187,1.470252278373425,-0.21327437412569328,-0.78795081321688,2.3120501982168413,-1.7672041940646357,-1.2588257380132202,1.8580340190164506,1.7206256339291937,0.6262873584480335,2.540466236667995,-2.08290987955767,3.272134802104601,2.148777875664861,-0.6139948450930528,-3.0170400933775445,-0.2654492864800204,-1.0712732969926018,1.646398999796613,0.03502398774627302,-2.4570297500519067,3.828209237705674,0.031159626623288972,-0.5286481356471198,-2.2452270701972763,1.8138155286143292,-0.08999315721029966,-1.320689853467313,2.8457870821071243,-0.3830933805997656,-0.2283869614904397,0.21520084935115857,-2.929205792228571,-1.6486184200087095,-0.5535165449046886,-0.34536453806930645,-1.9136935372289834,-2.15891068880196,-1.4629745805551106,-2.396912844486172,0.6956645481315418,-1.819490452022634,0.5037217053660505,3.22129420977274,-2.573888590921068,1.7613028880197943
numHidden 	5
numGenes 	48
minGene 	-3.0
maxGene 	3.0
popSize 	200
maxEvaluations 	20000
mutateRate 	0.25
mutateChange 	0.25
seed 	1585234782256
random 	java.util.Random@5e265ba4
neuralNetworkClass 	class coursework.ExampleEvolutionaryAlgorithm
Training Set Training
Fitness 0.01649252517102714