-2.8620096290294477,-0.9814391925465091,-4.391998097528013,3.4008377426622385,2.4423533636706365,-3.276035782287261,2.8102563565438796,-3.011202593872757,-2.1468273691986988,-1.9710008830777426,0.77389941279821,1.1329261770866257,-1.7758899348449555,2.3228325157913576,1.68072601690234,-3.6195580464651633,3.5398996238501956,-0.9931756406991239,-1.011137693274367,-1.9253524773551478,0.5340655372005974,-1.2925042956457027,0.7483224490630098,2.5556068373610654,0.5376416300673785,0.6149689204639515,0.26914939607854915,-0.09027368626366816,-1.8139779701525178,-0.3801937099237671,-3.3538773270216238,-0.309132088263568,-0.7609039047299788,-0.2165903672420484,-2.1349634312505996,3.2108634266005565,-4.183466019635863,2.853120986181242,-1.0470325749025688,-0.5395246294779374,-1.0851123036318633,-0.31288303663031103,0.9875804868233367,-3.1129413200399587,-2.3206293428928944,1.833619335281206,0.2225556796447492,-1.8690410152668653
numHidden 	5
numGenes 	48
minGene 	-3.0
maxGene 	3.0
popSize 	200
maxEvaluations 	20000
mutateRate 	0.25
mutateChange 	0.25
seed 	1585240000857
random 	java.util.Random@5e265ba4
neuralNetworkClass 	class coursework.ExampleEvolutionaryAlgorithm
Training Set Training
Fitness 0.03301661817465707