1.1190229085672645,0.4235900993987107,1.0279037483843798,1.6855345523915117,-0.12089252464228084,0.8491106359137954,-2.1821073709059857,-2.845101416244455,1.7238770988739187,-1.100199018066208,1.4343729376022365,2.517821402427665,-0.2546334444887567,0.19964495175286345,1.7321326805610031,-1.9512361288612412,3.3739068974225197,-3.3355883819216854,0.23728267225806277,2.741392369203224,-2.802772792094952,1.432059081470025,2.2977287852756545,-0.256992705476909,1.339792517320204,4.024050296218819,1.21518879719081,-0.5959649404570968,-0.8187761799184712,-0.239921034130618,2.514746488915759,1.2656630982270691,-1.568682250805901,-0.4907501160124688,1.665360251578242,-0.5619980096364068,-0.044646615163722814,-0.24119480143265692,-2.740339313137953,-2.612050300093466,1.4570486030675303,1.317033775903556,-0.5062008463597354,-2.039768337266664,-0.022302597727366424,2.1400503174229106,0.758027877853684,-0.1031092123754217
numHidden 	5
numGenes 	48
minGene 	-3.0
maxGene 	3.0
popSize 	200
maxEvaluations 	20000
mutateRate 	0.25
mutateChange 	0.2
seed 	1585675521361
random 	java.util.Random@5e265ba4
neuralNetworkClass 	class coursework.ExampleEvolutionaryAlgorithm
Training Set Training
Fitness 0.12636122173385805