-0.08753534536706642,1.1490589309269317,-1.9219818024338984,0.6931355613081398,0.7454257205056009,-1.7199433722305317,2.529270289323807,-0.8297855572018686,-3.082575252247849,-2.4483890151028675,0.21303221329116404,-1.191826557826197,1.9924446170344217,-3.419917087447159,-1.0584987602468159,-0.13678857189530053,-2.622659713690954,-2.485294447854974,1.6157279386063088,0.8274602896856347,-1.8113457226459853,1.6260381200363723,-1.8185941752620702,-1.4673609277674793,2.3139783861965055,-2.44015014975632,1.4537613784854524,2.106727154608039,-1.72609584338046,1.3596430514955897,-1.6326091229713358,-1.783636919636278,-1.6629120275521976,2.2418867463884267,-0.9028710853743491,1.3022770613270533,-2.525055597197833,2.1763874058654844,-1.226240996029503,2.477181657648174,-3.036039467855917,0.48008899112908654,0.9836220499871838,-2.1948508345953917,-2.9473872478670278,2.5759469063105094,2.1939040743851956,0.41861771635112277
numHidden 	5
numGenes 	48
minGene 	-3.0
maxGene 	3.0
popSize 	200
maxEvaluations 	20000
mutateRate 	0.04
mutateChange 	0.1
seed 	1585238263774
random 	java.util.Random@5e265ba4
neuralNetworkClass 	class coursework.ExampleEvolutionaryAlgorithm
Training Set Training
Fitness 0.12827932951312493