1.421968084623165,1.787742661368453,1.8385103335672373,1.589652947214617,3.4142906652221443,1.591607829292414,3.6766460704899746,-2.4165568826811548,-0.24899273152783352,-1.6051879239665547,2.8892771618537507,2.1374462777589107,-3.760455057987448,2.4186566732107213,3.783571935982053,-1.7695833238428462,-0.2380873145981104,-0.8040401326750404,2.9404582114697613,-1.2262715753922508,-3.224076810499663,0.2028836036978916,0.6593639615911076,-0.27962567147254247,1.4230418954744772,0.15041180018607125,-2.1276527870256863,-3.154451680128804,-0.09460138200992585,-0.6544254101104618,2.4313624192164305,-1.0639451581820545,-0.6137044490222641,-2.8288146720181313,1.2329567783956614,3.48321004879344,1.6978427769208988,-0.9409699270700465,-0.8572590445627701,0.768823485128685,0.3561481637036641,2.595119488098593,1.6175177963066503,-2.033731807171963,-1.2112149187508665,2.3467873715692242,-0.7039918663571714,2.0485715403829223
numHidden 	5
numGenes 	48
minGene 	-3.0
maxGene 	3.0
popSize 	200
maxEvaluations 	20000
mutateRate 	0.25
mutateChange 	0.25
seed 	1585236461983
random 	java.util.Random@5e265ba4
neuralNetworkClass 	class coursework.ExampleEvolutionaryAlgorithm
Training Set Training
Fitness 0.01618325465169281