1.1145305961493897,-0.08425699977137668,-1.5035977136501095,2.0873396037032244,2.2282751067581588,-2.009147787102904,1.7405051136883776,-3.4324396747411248,1.782683506367663,2.6527459278888372,-1.1365806260485969,2.7975473217738624,0.8240978230530236,1.196686228045226,-1.3737449981147076,1.720057179002624,0.9937305118020321,-1.2642034630251828,0.16097569487007712,0.403712770610535,2.448374633976993,0.018284485741681955,2.2434562967572447,1.115977291827468,0.21150083900372962,0.4773438861943311,1.9070533557181077,0.6138848211315726,-1.1551812544443263,-3.1845673328760435,-2.8313995072374434,-1.4530029130727087,-2.2965771206948884,2.094545746904778,2.480537383247885,-0.49427121733966795,2.3481944923323894,0.16152335538193974,-2.44782250486311,-0.9256437357290097,2.437174540483971,-1.2176434532452949,-0.8500837715399499,-2.488306619138779,2.103171899292251,-0.40812475373645807,0.6404795485277521,2.633593725334375
numHidden 	5
numGenes 	48
minGene 	-3.0
maxGene 	3.0
popSize 	200
maxEvaluations 	20000
mutateRate 	0.25
mutateChange 	0.25
seed 	1585612771203
random 	java.util.Random@5e265ba4
neuralNetworkClass 	class coursework.ExampleEvolutionaryAlgorithm
Training Set Training
Fitness 0.1168590517727159