-1.100753652212326,-2.231062637241921,-1.8751253947640603,3.107223479846283,0.6838591471006925,-0.2519062982586253,2.5910428489464206,-1.8401581036687111,1.173294582426597,-1.880884222704645,-3.155015935992119,-1.317186209564169,-2.925445215961277,-1.9989542883256202,-1.648442796397629,1.9156314918567992,2.424124341095325,-2.396577594044335,-3.449925856678825,-2.403769428724193,2.2230142496476963,0.24364350318582217,0.24918410283525105,2.204524015070634,0.5812191327851051,0.4493475509250855,-0.8997668243557717,-0.16073307276498117,-2.064997848854866,-4.351803620875616,2.242786376339862,3.909340308824138,-1.8046546702876882,0.41423566282927915,0.7296732927148577,3.00609495760252,-2.581673886201304,1.394306622775944,-0.7099093197745596,3.946439034495941,-0.9919012628496731,-0.8702186592869494,-1.6220336624100458,0.7869008263443789,-4.179414703666981,-1.4818124985863044,-1.7210403936263519,-2.3930526846220834
numHidden 	5
numGenes 	48
minGene 	-3.0
maxGene 	3.0
popSize 	200
maxEvaluations 	20000
mutateRate 	0.25
mutateChange 	0.25
seed 	1585610350469
random 	java.util.Random@5e265ba4
neuralNetworkClass 	class coursework.ExampleEvolutionaryAlgorithm
Training Set Training
Fitness 0.049792066516359555