0.15262453539304718,-2.7059127263179583,1.8866264933329289,-2.1357289909752906,2.086512839857989,1.7285499257554644,-0.1109576180761826,-1.825280081013573,-1.3413785809256156,2.2619587483725323,0.17691158807271262,-2.696254569725872,2.0079977623139382,1.5823093307956575,1.5524709384259407,2.882042920532272,1.502811804235507,-0.8447609473232662,-0.8941888049480158,-0.10035082868914641,-0.8093499727498914,-1.216684924764106,-0.5573139814093375,1.9412598561903192,2.345681675397904,0.8280479898361021,0.8756403494663113,1.5707907664029155,-3.152160198848952,-1.0464947465637233,-1.0209647998496447,3.2941719279219703,2.456897305578379,-2.737491288575522,2.3800223898157804,-0.06477014596994873,-0.6404513660917708,-2.9039912289283656,-0.2834837299750472,1.8528623834694495,1.270346641295549,-2.2466609393115924,1.239685654057653,2.7085829307453513,2.2575739131802113,-0.03433817729989522,1.7724796231844429,-2.138142920059592
numHidden 	5
numGenes 	48
minGene 	-3.0
maxGene 	3.0
popSize 	200
maxEvaluations 	20000
mutateRate 	0.08
mutateChange 	0.1
seed 	1585660847778
random 	java.util.Random@5e265ba4
neuralNetworkClass 	class coursework.ExampleEvolutionaryAlgorithm
Training Set Training
Fitness 0.018575506343308745