-1.1057696996488282,2.115311788039326,1.2526038108373587,1.567402221943102,-0.9292083197601467,-2.224010354599724,-0.7621755127887657,-0.9459467909344975,0.8205275388264657,1.7117477805373444,2.0606520006328477,1.5336551766840314,0.13033819151765047,1.9727033181310536,-1.9343301845046983,0.12124699559151036,-1.496671426803104,-4.495608281919908,1.5537029174696961,1.7882794398350432,-0.6888843020332537,-1.728004293673917,1.477711808647805,2.2449755331225862,-0.3946481925775057,-2.1049792803344305,0.2767048957307502,-0.15822949937823869,-0.8165288009448805,0.08693491634973244,-1.859081240927308,0.7997848229894781,-2.177973490045294,0.022026315216336828,-2.9863749103104658,0.051759824330942894,-2.3031586634133685,2.9669680178635955,-2.9654668454273785,2.2338759044144005,-0.39743549122529687,3.3173101676262693,-1.7831353632165006,-2.084645996680464,0.16506987676415,-0.8306434318145877,-2.675212023210566,-0.6132741734845082
numHidden 	5
numGenes 	48
minGene 	-3.0
maxGene 	3.0
popSize 	200
maxEvaluations 	20000
mutateRate 	0.25
mutateChange 	0.1
seed 	1585668534976
random 	java.util.Random@5e265ba4
neuralNetworkClass 	class coursework.ExampleEvolutionaryAlgorithm
Training Set Training
Fitness 0.012829280266601954