-2.6602084694715913,1.9638730013661667,-3.3221933794438336,0.37827503585101496,1.555354346356026,2.1155559786724965,-1.654632434110301,1.2435100688623,2.0551998320755978,-0.02086555257845507,0.673984226775711,-0.43455205060711877,-2.684071043937599,0.08369656451254306,0.2848445086755319,-1.741510792241555,1.856127590474526,0.35126598092868166,3.1318181491686534,-1.1496530356559824,-3.906339992271596,-0.29051708411302657,-1.6764027709249527,0.010945845793156439,-2.860219019293903,-2.0728740232910594,-1.6382985358443065,0.21343387064672917,-0.9330291141557097,-1.9840835066028473,1.1248071501717434,-1.7060109670547,-0.1786249879611345,-0.23958930159865657,-0.7924118058841266,1.03922123403497,-1.8777766872775667,-0.05635590222893133,0.6874964697018359,3.0795726529266685,0.3995812115042727,3.6295507837260943,-2.7543610062767496,-0.2457671268215487,-2.281726486856942,0.09403814122416293,1.6581491918779725,0.03769354258701901
numHidden 	5
numGenes 	48
minGene 	-3.0
maxGene 	3.0
popSize 	200
maxEvaluations 	20000
mutateRate 	0.25
mutateChange 	0.15
seed 	1585673720310
random 	java.util.Random@5e265ba4
neuralNetworkClass 	class coursework.ExampleEvolutionaryAlgorithm
Training Set Training
Fitness 0.1033035987737689