1.9981787793964845,-1.204758067645932,-1.0236245589002713,-1.4448358899832479,1.1269090781951938,-2.1905970613631016,-0.992775221236986,-1.2067953234381643,-2.825510714057236,-1.7894795945790727,2.1855609818069652,-4.2603333745742,4.546543497444925,-3.015473682149217,3.088727658971873,-1.9301176201061594,-1.2296273686024692,-2.3444818743779834,0.5561664364006385,-3.4678591969971633,1.1657917746476096,-1.5577228972831998,2.185952198430382,2.089106606177128,0.10142982621190821,0.1725367174608632,-0.26610133836656447,1.910219190387144,0.614751697947026,0.015974058167792293,3.6612683600175373,0.6422587160573423,-1.6560169342312383,0.18869589992886393,-0.2842103828261382,-2.3041911670492343,1.077540400249152,0.8112879989224662,0.7568587343917268,-1.2166030932364977,3.0214936653943383,-1.6807092321128811,4.79947457426038,-0.8693643050339281,-2.381994801190374,-0.7707352438398001,-3.2973734100429692,-0.34525990791319217
numHidden 	5
numGenes 	48
minGene 	-3.0
maxGene 	3.0
popSize 	200
maxEvaluations 	20000
mutateRate 	0.25
mutateChange 	0.25
seed 	1585235138325
random 	java.util.Random@5e265ba4
neuralNetworkClass 	class coursework.ExampleEvolutionaryAlgorithm
Training Set Training
Fitness 0.006177129006499955