-0.24901194820270042,2.4954661878170676,-1.782143632302962,0.09986571365464203,-1.9179399689098875,1.6219183872446243,0.9379598227710971,2.812614764903837,0.5803812641579054,-0.10051945547302499,-2.561443530066645,3.629446755094848,2.9938989929644237,0.33864843414804935,-2.1241518585203947,2.8929013986525174,2.2262312589425037,1.9374333661354317,-1.5586696591682305,-1.5571332901213153,0.13391526095059775,0.8751246556455452,-0.8345424947865276,-0.09270425725411235,-2.289137771949424,-1.392291469958447,-1.6675924408152354,2.1754557370243863,1.622943319065721,-3.03394763386674,0.7663351546687512,1.7882194736168855,2.859933241709917,-1.1908624985105367,-1.1774511502110014,1.649830748263439,-0.18616956822707462,0.4732958037802517,2.127593807703166,1.7729949867276993,-2.928126834762312,2.4845762308781736,0.16026830825854974,-2.785928376676453,0.8293654093651608,0.6650382189776102,0.8511515160692282,-0.16243494293869828
numHidden 	5
numGenes 	48
minGene 	-3.0
maxGene 	3.0
popSize 	200
maxEvaluations 	20000
mutateRate 	0.08
mutateChange 	0.1
seed 	1585661153383
random 	java.util.Random@5e265ba4
neuralNetworkClass 	class coursework.ExampleEvolutionaryAlgorithm
Training Set Training
Fitness 0.10950744523016719