3.214695293115347,-1.9155077477942855,-2.729558217397908,1.3868708683444786,0.11618443059889325,0.8426781980535161,0.3305528521507668,-0.9504541272110513,2.137734750425909,1.755055087178723,2.0282989503510915,-2.4478997381450163,-2.1166370165305564,0.5978270590923248,-2.2605020781432854,-2.5882116015970653,2.582930455217836,3.4616774815189415,2.445844609478556,3.25871831180223,2.2554606896627374,-2.1830432007244682,2.3873671446116225,0.7574525247746845,2.0963490648421383,-1.2453334888191137,1.807496690912116,-0.9581786467463987,-0.4167691166770715,-0.552879603880728,2.342348322576654,-2.7253886113719568,-0.5316858903214279,-2.357907861118665,-1.7523893329727638,2.032455251071602,0.8355372460489014,2.8116750499037506,1.1357358804327877,-1.257574504175996,-0.8510467076266659,2.722005283535608,1.6129199139159751,1.0605066282109292,2.3042925038165856,-1.4275800939893528,1.65966095111916,-0.2167111706129843
numHidden 	5
numGenes 	48
minGene 	-3.0
maxGene 	3.0
popSize 	200
maxEvaluations 	20000
mutateRate 	0.04
mutateChange 	0.1
seed 	1585237291651
random 	java.util.Random@5e265ba4
neuralNetworkClass 	class coursework.ExampleEvolutionaryAlgorithm
Training Set Training
Fitness 0.027400286265920386