-0.38153003058083756,-2.193789724081043,-0.257062883486054,1.6985872069644605,-0.22141221295713365,1.698672225817492,2.4884518609329787,-0.6789447467506236,-3.314469775880206,-0.41203434548443685,2.365173831458457,3.370310999347767,2.6516417530124246,0.32928920502475556,0.3425535765411176,2.805902955083763,3.169412356396773,-2.3950070636965286,-1.732261199522255,-3.2989665663257144,0.4521492645110117,0.4372923975634748,-1.3757456101131766,2.4992455221341494,2.1275683528647917,-0.2627487215336406,1.19552577219876,-2.0688741008800755,0.3767288067747101,-0.8121770182656807,-3.5049961417910556,-2.3309110051126813,0.05877329057690561,2.8036627383853485,1.7914393923976029,1.3119780225979536,-1.7025096589677875,0.2428455315673883,1.7121604482933117,2.7423903251127077,-1.6212443620861938,-2.3844538045743473,2.498995712848373,0.038307471987773845,-1.1315370209047444,-0.6078424059307934,1.0207886807868878,1.1967794220419359
numHidden 	5
numGenes 	48
minGene 	-3.0
maxGene 	3.0
popSize 	200
maxEvaluations 	20000
mutateRate 	0.16
mutateChange 	0.25
seed 	1585671918067
random 	java.util.Random@5e265ba4
neuralNetworkClass 	class coursework.ExampleEvolutionaryAlgorithm
Training Set Training
Fitness 0.10038424049054848