-0.6333717263817187,4.237086002122697,-1.2557591895128208,1.2113813957964163,0.23642355954760674,-0.8311057899150951,2.34404973136677,-2.430303549566677,-2.3155655511136626,-2.722383026094409,-1.0422974988531597,-2.0201962618359417,2.9139191981218673,-2.5455170396562927,2.074426171834438,-3.3944735755099003,-1.4390894991261023,-3.5776379817646307,0.02672475677344721,1.245006802954689,-0.19760891582079188,0.8989922847805594,1.8653927323493544,0.11485734512577617,-2.003703223109529,-0.6683686857205995,-0.6692227334201615,0.1419860592685458,1.0207683710889324,1.1259232689868326,1.657048538638601,0.9661597692480628,-2.5218841948249406,1.3366920879755106,-1.3369736302401796,0.6200384233218292,1.364509460314835,0.5207977719398009,-2.7625847568167448,-1.445407479466179,-0.5705408037462529,-1.8778905374218295,-0.831907726229923,-2.933520922951987,0.25968600266512665,-0.3839251182822414,-0.2056085007735593,0.5101301807712666
numHidden 	5
numGenes 	48
minGene 	-3.0
maxGene 	3.0
popSize 	200
maxEvaluations 	20000
mutateRate 	0.25
mutateChange 	0.25
seed 	1585236984403
random 	java.util.Random@5e265ba4
neuralNetworkClass 	class coursework.ExampleEvolutionaryAlgorithm
Training Set Training
Fitness 0.051732796270288144