2.12095640923951,-2.067255968924937,-2.985608947226584,1.0710883544276544,-0.3647092265341798,-2.2761161581036653,-2.6468429705538385,0.1337140148375085,3.0901935634424826,0.5173697128723841,2.1970554823571096,-1.6860643892351437,0.08857473150125145,1.5356098123038806,-0.9760036055264568,-1.0987451903961505,2.332284464825993,1.242787984800548,1.815269508532933,1.8217082657428345,-2.3749573420262666,0.27693970904518606,-0.5339576445340776,-0.26088509006826116,-1.7805438137962981,-2.522480485851552,-2.825636417260238,-2.2249527507476268,-0.5332924975496807,0.1282673898665962,-2.3923152888964,-0.7875426879806197,0.005227886678415977,-0.702700983996911,2.4673932611043172,1.5037464182661933,-2.5100931665691566,0.20594919984051138,-2.4191596335448478,1.6474242815926354,0.21612296523766314,1.59500807588027,0.9468242675443533,-0.6716315932463754,2.3331139201904034,-1.6183993490655377,2.744481237320872,-0.3649533699180043
numHidden 	5
numGenes 	48
minGene 	-3.0
maxGene 	3.0
popSize 	200
maxEvaluations 	20000
mutateRate 	0.08
mutateChange 	0.1
seed 	1585661719650
random 	java.util.Random@5e265ba4
neuralNetworkClass 	class coursework.ExampleEvolutionaryAlgorithm
Training Set Training
Fitness 0.12926048487580857