-1.3089116692062033,-3.157911612853765,-1.7313666645747354,2.099304310982102,0.30695525182051253,-2.305347852805909,1.062056043859497,2.4318164432620333,1.636779468667882,-1.148815821577662,2.8207583775718597,-0.9404851416421078,2.4277910240776004,0.500824913142829,-0.5534281447747663,-1.669315377852881,-1.9003585170760329,-2.5950714577678213,-0.6735207237987059,-3.3767716771569947,-1.1145824866228482,1.042416925491708,1.0393574296690096,-1.8229753659046164,2.4339314558030387,0.14508384486382464,-1.665740846723718,0.7366601213519778,-0.7971020347722876,-1.7513823146203022,-0.20717561122267544,-2.186434255741956,0.06709721930015178,2.6916504355156072,2.3935468716480557,1.2155938163862392,1.2539277769426476,1.2977533559100758,0.654553128595639,0.1963641457021632,-2.0325894414470373,2.0269684525561344,-1.9910502938878971,2.9830217947622177,-3.2113223466830894,2.8042075307927097,2.5106875463440574,-1.0717419152995484
numHidden 	5
numGenes 	48
minGene 	-3.0
maxGene 	3.0
popSize 	200
maxEvaluations 	20000
mutateRate 	0.04
mutateChange 	0.1
seed 	1585239856883
random 	java.util.Random@5e265ba4
neuralNetworkClass 	class coursework.ExampleEvolutionaryAlgorithm
Training Set Training
Fitness 0.11108010942583295