1.6807181217924558,1.8307747074730232,-2.9350618423555064,0.10360733224330776,-0.9733681055625985,-0.514324408817739,1.959004163755167,1.3650541385913764,-2.5920735302400524,2.8314778947292583,-0.2940428838143614,0.8378413135771656,0.5561242755779201,1.0681293043183748,-1.9206461545385822,-2.2478279871104014,0.2656549100498671,1.1901219302202017,1.5735516742400524,-1.4987730087688327,0.06287763164739024,0.3698666615438162,2.1862659752017386,-3.1115884952826116,-2.5925165946973605,0.4887828457687169,-0.4270211322481625,1.2707258664116443,1.4487526762759035,-1.755956123832434,2.9119750316301483,0.34876214477282463,-1.5755430059738418,2.604850167462839,-1.3777765396544706,1.6373114671270725,-3.193298015433366,2.0579025032270595,2.9174785019871248,0.32566066263132054,-2.639036282159833,-0.21534981940947162,0.32891210858376674,2.3998776417508374,1.8803713303778133,0.905788845591355,0.1320814992698489,-0.5282275025042997
numHidden 	5
numGenes 	48
minGene 	-3.0
maxGene 	3.0
popSize 	200
maxEvaluations 	20000
mutateRate 	0.16
mutateChange 	0.25
seed 	1585773865524
random 	java.util.Random@5e265ba4
neuralNetworkClass 	class coursework.ExampleEvolutionaryAlgorithm
Training Set Training
Fitness 0.09008420420661181