2.413620669490678,-0.8133489388338346,-2.598412300520689,-0.26448913510058825,1.7910758670711946,2.331271357409956,2.482011545143717,-0.3506917436566337,2.332263684466441,0.5024221063650982,-2.989062063772116,4.59388564185709,2.249312579190544,-1.4555617450960732,2.471996562987531,-2.7216847946334535,-0.9314931329059808,0.18612504239303984,2.028981792639275,2.7734900941759477,3.198045151250424,1.7440685548776056,-2.2774864326318056,-0.2621165136841572,-2.049940030614912,3.178505613519869,-1.5107865621662366,2.6470814613400613,-0.8779398521861017,1.5126795452678294,-2.630697643106644,-1.8340538337369505,1.686319687600923,2.9293405198014106,-2.194366440826592,-0.5512518203936647,0.016595515854781695,-0.6517142204550908,2.161788568922752,-1.2634097265120894,0.8999156715202812,4.216565957144496,-3.5010342569848176,-3.3570656792408737,0.08703856661446019,2.3582227147752706,3.001008272328365,-2.0229815828251954
numHidden 	5
numGenes 	48
minGene 	-3.0
maxGene 	3.0
popSize 	200
maxEvaluations 	20000
mutateRate 	0.25
mutateChange 	0.25
seed 	1585612441264
random 	java.util.Random@5e265ba4
neuralNetworkClass 	class coursework.ExampleEvolutionaryAlgorithm
Training Set Training
Fitness 0.05171287123557839