1.1003768462128827,2.438459670354707,1.9364123370982744,-2.587669715226744,1.8454462701131193,-1.8219043148205798,1.767328424407797,-3.6336563117405394,0.6538178614782364,0.38621086640868185,0.9961600128713548,-0.7318247450282827,-0.37795668025584117,0.21118066225527432,0.5978327630590918,0.25968025346297896,2.9284521263679517,-1.976058055021527,-1.3861177254687782,-0.903942141489332,-3.183663379675729,2.982270271640627,3.077865197785316,2.2409694386607075,-2.5397081077394192,1.7002424819559776,-2.2423907369785323,0.3381740214801159,1.248606607981797,-1.5540818217207828,-2.6483072351235935,0.7043938175932372,0.14546360362531807,-2.2194899703465563,-2.4978471194261305,2.8221094013581647,-1.6349336132775072,-1.51995546353827,-2.3524680100221875,-0.4175325430251906,0.5956671289148185,0.6957537757299894,-1.1600205041708371,-0.5125315363404412,2.2048325427396076,0.36216800040840225,0.6872379813442162,2.667086328797029
numHidden 	5
numGenes 	48
minGene 	-3.0
maxGene 	3.0
popSize 	200
maxEvaluations 	20000
mutateRate 	0.25
mutateChange 	0.25
seed 	1585612565544
random 	java.util.Random@5e265ba4
neuralNetworkClass 	class coursework.ExampleEvolutionaryAlgorithm
Training Set Training
Fitness 0.11623665969217964