0.27610108622285345,-2.4623559607055423,3.4209337565255638,1.6229153016065485,0.025038392688835565,1.628342212437623,-2.1802472064536533,0.7698815713508331,2.3038999925857375,3.420931701919195,-3.5367989656780745,1.9920994370456935,-1.4744951729667362,-0.673281967251179,0.7545476805819953,-0.16100874037573298,-0.09634060504563458,2.972459792865961,1.142659240806605,1.522422504057344,-3.262696832561729,0.5700396760376618,-2.32902467336722,3.559892301207464,-1.3584655025431047,-0.02267284444272244,1.7997504524089178,-2.323730674397422,-2.9542290580319985,-1.5796160229863943,-0.2885349847025327,-3.652691348747397,2.042967333326665,0.28271698894968855,2.291724690674437,-0.9775112416072149,-0.8750159086121956,1.2403217019972326,1.147893596000059,-1.5934984795256493,-0.7721222038540043,0.08181477842529095,-3.3648747679270627,-3.0419748755266944,3.0870472435878096,-1.1990059933885284,1.1543804405240783,3.7312076970366927
numHidden 	5
numGenes 	48
minGene 	-3.0
maxGene 	3.0
popSize 	200
maxEvaluations 	20000
mutateRate 	0.25
mutateChange 	0.25
seed 	1585606229537
random 	java.util.Random@5e265ba4
neuralNetworkClass 	class coursework.ExampleEvolutionaryAlgorithm
Training Set Training
Fitness 0.12547459447741444