1.8447540659314452,-0.4485809063638464,-2.6349312503446978,2.8338517211010554,-0.9605946100132269,0.09770259247760188,-1.5679604822456819,2.3653254938195016,1.0716723042279237,-1.523254077839361,2.5126236834499553,1.839988167025485,2.2600426135891487,2.0969950862064803,0.7581911757840677,-0.0031089664213638513,0.261278355729455,-1.6263946667862312,-1.360306747425729,-1.621152009101892,-1.090492837670188,1.4346497876768112,-2.2828201949357427,-2.078540836889029,0.2907115365450717,-1.0438475621373955,1.4279340197442654,-1.6439134236164517,-0.20409135457907732,-0.6839781178036342,-0.25508003169469196,-0.8013095492690456,0.39749733386272024,1.7800081034672561,-0.32283659304318,-1.8117617254383303,-2.5680907837537195,-0.7066475998730996,0.24110402917138316,-2.232311446462079,0.9478804341837722,-0.15015383552116154,-3.17311536483071,-3.532646204891032,-1.9066708611029837,2.845561213739668,3.7159585041104033,0.3547407313754244
numHidden 	5
numGenes 	48
minGene 	-3.0
maxGene 	3.0
popSize 	200
maxEvaluations 	20000
mutateRate 	0.2
mutateChange 	0.1
seed 	1585666310649
random 	java.util.Random@5e265ba4
neuralNetworkClass 	class coursework.ExampleEvolutionaryAlgorithm
Training Set Training
Fitness 0.12550074031756364