1.457861977013673,-1.569744748767325,-0.0032474069718134158,2.988005572990683,-0.6651346040524627,-2.4108625776454993,0.7604921590790521,-1.1681180658374402,-0.6572498263932569,0.1660292443643129,-2.7454868807670607,-0.29736210607423486,-0.12645082341743272,2.649856019989317,-1.4144681164377864,0.5587252667539131,-1.0489697398919589,-3.165052968678042,0.5257606278754704,-0.6995593154836266,1.9404704003971789,-1.6048416609632592,-0.47623168278511385,-0.26316947665453827,0.6266505651232526,-0.6353361426266048,-2.2611482810766512,-0.038225555057696786,-0.049365398905514224,0.07838257258230502,0.25413184484536033,1.1302985471786937,-1.2904318650443827,-2.3394458487946768,0.0560086495023821,1.8304677904608355,-0.1250957646454194,-2.4269759412637115,-1.862469406247911,2.9380034255695797,-2.3268618316055063,2.545342933511432,0.24065674199120282,0.020068887115102296,0.39929834612310666,-2.093162806799725,0.2473118657416812,1.021462563993588
numHidden 	5
numGenes 	48
minGene 	-3.0
maxGene 	3.0
popSize 	200
maxEvaluations 	20000
mutateRate 	0.16
mutateChange 	0.15
seed 	1585670462177
random 	java.util.Random@5e265ba4
neuralNetworkClass 	class coursework.ExampleEvolutionaryAlgorithm
Training Set Training
Fitness 0.010243490676937007