-0.37777560873665456,-0.39826230322508543,-0.40494109127383,0.0068521626076578634,3.62965345755536,-1.1854007417845658,0.38154809268332673,-0.21415312622936455,-2.543933715157471,1.2809206865789147,3.051343865531723,-0.30211606626857884,-1.9505014744482863,-0.5307981456199458,1.3617094388090019,0.1898147962207382,3.2399437487941842,-1.6787989888166506,1.7650493123076347,1.5766054004052643,-1.1955812936011763,0.17310201318837404,0.842640988879406,1.2611548194547104,-0.390504700250549,-2.469791747183251,0.7890223169648345,0.9516783861565883,0.6627353511197596,0.4643895991036499,1.3345226102136145,-1.668376235236828,2.1634436071423453,0.796869511046765,1.1961587572308663,2.424197318460904,-1.9103573416940327,0.7097949869673843,-0.5626450739913356,0.3681866136968141,-0.5078466085969234,-1.8016055878535326,2.5946737594146745,-1.316121808316686,0.8881555135525825,2.43138845559532,-2.1050123590716767,1.5574731609895747
numHidden 	5
numGenes 	48
minGene 	-3.0
maxGene 	3.0
popSize 	200
maxEvaluations 	20000
mutateRate 	0.16
mutateChange 	0.2
seed 	1585671619814
random 	java.util.Random@5e265ba4
neuralNetworkClass 	class coursework.ExampleEvolutionaryAlgorithm
Training Set Training
Fitness 0.02606690615997345