-3.3857616944570923,1.231789965736751,2.301642644549103,4.873689329508794,-0.33989386849273817,0.7990895285002937,2.188900877832559,-4.27816648497047,0.9456867144883816,-1.6709237943543958,-0.9741296349383459,2.870852795245783,2.2637486767996915,1.615778753838459,0.7420375466285858,-1.780951809732929,3.1344010188909053,-3.401342626904655,0.7834261865080396,-2.6659187081522417,3.4274948308738757,-0.05880928241801531,0.17130536216623327,0.2845085322140499,0.027238414427385393,-2.3968030781211747,-0.3870343682002524,0.7344295181811624,-0.056985584153294244,0.7947673111707303,0.8605487355255192,3.0983047779821984,-2.473748037689103,0.06492625695284682,-1.13647796410587,3.011988745692312,0.1465632414976712,0.5808627870918954,-2.702497321664235,3.272502475492235,-3.688784924135347,0.14381773291783873,-3.9732586546379314,-3.7669420905303213,-2.719636676424865,2.1654400019232085,4.469688476861312,1.6613297164857381
numHidden 	5
numGenes 	48
minGene 	-3.0
maxGene 	3.0
popSize 	200
maxEvaluations 	20000
mutateRate 	0.25
mutateChange 	0.25
seed 	1585235522072
random 	java.util.Random@5e265ba4
neuralNetworkClass 	class coursework.ExampleEvolutionaryAlgorithm
Training Set Training
Fitness 0.013305638779003825