0.8884461343327608,2.8735116326600405,-0.9110739042368209,0.6412366422191282,-3.059762268348128,-1.037124032931518,-1.3832369927389914,-0.36473561041815117,2.2982364822813137,-2.750406376567449,-2.7662533395999365,0.37994055126184556,1.0497913099857348,-2.4675715439740253,-2.99442256127536,-2.0300516687438415,1.5795978376352449,2.248474029679333,2.5148211158511202,0.41954362940964596,2.8614749294595923,-1.9153066168613129,-0.4640050931407963,1.1904987782789536,3.155598922967795,1.8301271176386524,-1.4027448938397544,1.5154484400918244,-2.2516122152861864,-2.207020840158174,1.7391245181709034,2.5312716006330747,-0.1594093273367074,-0.515478969420552,-0.5571947693561508,-0.6413699070533395,3.04499655426333,0.7369882211302564,1.95023406364554,-0.9272281768830858,2.598534246075951,2.375380092188379,2.2351431634600583,1.5071836043268978,-1.7756036873310246,1.5033059442909082,0.4090034192407208,-1.4843295698708674
numHidden 	5
numGenes 	48
minGene 	-3.0
maxGene 	3.0
popSize 	200
maxEvaluations 	20000
mutateRate 	0.04
mutateChange 	0.1
seed 	1585612147680
random 	java.util.Random@5e265ba4
neuralNetworkClass 	class coursework.ExampleEvolutionaryAlgorithm
Training Set Training
Fitness 0.1049757807027342