0.20715188967799347,3.211488391335336,-0.24180239249578872,2.864425775569174,0.9004008217735944,-0.6597646806959011,-0.9830707230057367,-1.581125217052348,1.0939440251844517,1.8400975709362102,0.334496142848564,0.024760736391659488,-0.28631261675610953,0.8787907123253274,-1.0705472884198846,-2.4576334178747743,-2.129180335135847,-1.1729383585134412,0.4061558552147556,-1.766923918489323,0.8295274643006547,0.645977585037518,-2.095591703641312,-2.615051061746027,-1.4101057968455415,-0.46138592568720876,-2.526662671468313,1.924978950964331,1.9817237601496276,-0.9874340832324806,-1.1122897185180383,3.3228583681051447,-2.580677387411516,2.0008756740915343,-2.252068237872297,-2.489010663455944,-0.6409241023625392,2.1276476072451462,-2.2344799008651,1.7029103054960184,-0.16905195219969882,1.3807849239325514,-1.966097350743077,-0.5127750656347403,-0.018166386639133447,2.1679629595109557,1.0199174220550817,-2.793459749240204
numHidden 	5
numGenes 	48
minGene 	-3.0
maxGene 	3.0
popSize 	200
maxEvaluations 	20000
mutateRate 	0.16
mutateChange 	0.2
seed 	1585670633863
random 	java.util.Random@5e265ba4
neuralNetworkClass 	class coursework.ExampleEvolutionaryAlgorithm
Training Set Training
Fitness 0.10685030776734022