-2.739670642056618,0.042824537631456217,1.2727838191171865,-0.7054067718737969,-3.1360084872977314,3.249588420449614,-2.008382908041651,-2.8986607315037602,2.9840995985351224,-1.4113903154927958,0.696509238201573,0.3094524568288044,1.4970810733957327,-2.8980751556577857,-4.148335650068295,3.4548831338128494,-3.219946183028517,-0.5195723121439348,-2.3212350064128318,1.018831425227841,-1.2306911203036655,3.264243715213932,-0.27012388822220323,3.737417844447153,1.7054462090876132,-0.9258740296799806,-2.3149385740062742,2.1225421161523306,-0.9025411979577527,0.7711883243246884,1.4132793618994763,0.37625705470090764,0.9033146467004602,-1.1677357884595865,0.6810210540140318,-2.7142464260234114,0.29098827031784413,-3.625328343491655,-0.97599050669205,1.676289782985351,-0.18149518341518078,-1.9018576535000378,1.3656392464481542,2.1771289390200605,-1.9663323877400438,2.933163805420879,2.4716940511954277,0.9207864603755964
numHidden 	5
numGenes 	48
minGene 	-3.0
maxGene 	3.0
popSize 	200
maxEvaluations 	20000
mutateRate 	0.25
mutateChange 	0.25
seed 	1585240729764
random 	java.util.Random@5e265ba4
neuralNetworkClass 	class coursework.ExampleEvolutionaryAlgorithm
Training Set Training
Fitness 0.09553520123302754