-2.094468221686789,2.216107452781653,-1.6452460635032462,-1.4402768974281237,-0.26918319580125516,1.1078051538140317,-2.2375442675664026,-1.1339341747633673,-2.73349263397812,-0.46222605303203324,-2.421939613208758,-1.7640144271001805,0.6608431214003527,-2.3111346872705254,-3.930962492688685,0.358877497769968,-1.7686831112884378,-0.14846037750187285,-1.415870158167043,0.5265549539420759,0.5062007702604064,-1.0850545337097173,-0.29424656198105015,2.905532932425579,-0.01430659809472612,0.5517523686127372,-1.2467355848232207,-3.8319510123815066,-0.6633555852341918,-0.5194873873003053,1.3024120152026315,3.0591519943374665,0.6094138244956122,1.123314107173256,-1.545343018600608,0.8549251836069669,-1.3724590486796902,2.8979685901735,0.5458936202055372,-1.367856094941194,2.3505024398983476,-3.007032012311165,-2.2725260636167772,1.7224025997625625,1.6469499628591604,-0.030079936274149427,1.8832906723697915,0.7639799866334779
numHidden 	5
numGenes 	48
minGene 	-3.0
maxGene 	3.0
popSize 	200
maxEvaluations 	20000
mutateRate 	0.12
mutateChange 	0.1
seed 	1585662746772
random 	java.util.Random@5e265ba4
neuralNetworkClass 	class coursework.ExampleEvolutionaryAlgorithm
Training Set Training
Fitness 0.07823836093437331