-2.367241584766766,-0.9568829133578693,-2.138288205456335,-0.5845030907413206,1.1812380433946346,1.210652602490227,-1.2951355892949539,0.6450373064383265,2.10669533541525,-0.26486068389057654,-1.3580382131821842,-1.2843704798043167,-0.5010962087265698,-1.221224727970141,0.13615918271260663,2.4954699660261754,-1.458701188023472,2.0072518124550482,3.5862947844441333,-1.7447618377224559,-0.825565081942214,3.1277865220231034,-2.1908093694996595,1.6244601667627,2.0262159417329437,3.778813704253256,-1.9088136255565809,1.3546727667336196,-1.5265126354822662,2.4967621515019953,2.672518216026198,1.4122823077551698,2.131997649956711,1.4896394552957923,1.7793227103252032,-0.5029521992834229,2.441661729529497,1.7889505236693521,1.7067245252570253,1.8926742886651573,1.5214790925631207,2.4307615172056476,0.582630130581947,-1.395957002293576,-0.08661877833082215,2.033529064341244,1.9055286785051095,-1.978845158941647
numHidden 	5
numGenes 	48
minGene 	-3.0
maxGene 	3.0
popSize 	200
maxEvaluations 	20000
mutateRate 	0.25
mutateChange 	0.2
seed 	1585675417469
random 	java.util.Random@5e265ba4
neuralNetworkClass 	class coursework.ExampleEvolutionaryAlgorithm
Training Set Training
Fitness 0.10111061427556992