-0.5700290481626613,-0.1741484845356478,-1.3816119207882294,0.004751605635747502,2.174254115518494,2.5345080919131373,2.4527000320605534,-1.886565728163684,-2.264700539729003,-0.10113494820268176,-2.9860769694027347,-0.337099466252782,-2.380296172047383,-2.776366161177421,0.9753802735539274,-2.567120999712244,1.1418216711965918,-2.34429711019035,0.1775163233492174,0.45946066760560056,-1.9363427487051044,-1.8142350006272479,2.322297833316725,-1.6034951687707273,-1.3259431654283795,-2.6156721319928344,-1.1451281130381576,1.1699937932267002,-1.2381611829363266,2.5864394155338495,-2.488737091294637,-2.7901787196803816,2.667084279876775,2.1373668911099886,-1.4507748680745185,2.2536145808981205,-2.3702667942712585,2.6332947898148955,-1.5621763596765774,-1.9284131781233822,2.8914192571288053,-2.9185181122316974,0.18538901956827702,-0.20968565266113437,2.455292061151229,0.4735261274553446,-2.333611540025231,0.08795533194713201
numHidden 	5
numGenes 	48
minGene 	-3.0
maxGene 	3.0
popSize 	200
maxEvaluations 	20000
mutateRate 	0.16
mutateChange 	0.25
seed 	1585774165811
random 	java.util.Random@5e265ba4
neuralNetworkClass 	class coursework.ExampleEvolutionaryAlgorithm
Training Set Training
Fitness 0.09120267930696593