0.25068773512092346,1.9458633275260862,-1.8058791880172007,-0.649667002147017,-1.0776103889802473,-2.609934201275509,1.5505454159637955,1.2434315773730422,2.4397373969994174,2.8224285703906427,-1.3481915892543443,-1.690690859797582,0.20617482997502307,0.24662350162693958,-2.84522656939306,-3.9621371534172782,1.269749958082544,-2.5355552877134926,-1.1542510293650623,-2.1180886853244214,-1.2368607643433993,3.0672623658579674,0.39298584857591806,0.7874457260305676,-2.854432085797166,1.6770142833651343,3.3119525200227713,0.7754599620725595,1.5065727048423019,-0.5999012617110988,1.115639457404152,0.2307207827166945,-2.536958145203481,2.763396285584329,-1.4626164638910595,0.45244546576366645,-3.16005119684293,1.9950055741234387,-0.9835671415301765,-1.3910355423687555,-1.828317950697928,-0.6068626521114396,-2.4732918608778345,2.31305650833373,0.694857376628357,-1.105027564213442,2.906952861996115,3.3967519565107507
numHidden 	5
numGenes 	48
minGene 	-3.0
maxGene 	3.0
popSize 	200
maxEvaluations 	20000
mutateRate 	0.25
mutateChange 	0.2
seed 	1585675727726
random 	java.util.Random@5e265ba4
neuralNetworkClass 	class coursework.ExampleEvolutionaryAlgorithm
Training Set Training
Fitness 0.03231086334803282