-1.0491723437172764,-1.8987065525318714,1.1170897937044746,-0.19341665970607647,1.9869346694554064,2.6391064789416303,-0.058612343315030735,2.9422847221844313,-1.736876586961767,0.6502523491551462,-1.0873412217096103,-3.0664211809329833,-0.6203483849156743,-2.9821096303023777,2.4912339514900106,2.5455193829475657,2.9727969320193193,2.9364342947229245,-2.735427254639392,2.5988622752978987,-1.3711297937505964,-1.7445540429727924,2.9467606572980802,-1.0828708167752992,-0.824025349084069,-0.4373128275275677,-0.611129751497824,-1.2870803465687257,-1.5254743337263874,-0.368635825864005,-1.4539266361091976,-0.10764376401629239,1.2832043175654384,-0.8106249694008869,2.6404042563854064,0.7328564631335932,-2.327977780639608,-1.3466890901756041,1.3169282195587613,0.9382808124409596,1.3866859069358135,-0.2082155771056149,2.0203473412229798,-1.4494269235339825,1.8130960416480688,-0.08453484315274506,2.742788290071357,2.4956197878889315
numHidden 	5
numGenes 	48
minGene 	-3.0
maxGene 	3.0
popSize 	200
maxEvaluations 	20000
mutateRate 	0.16
mutateChange 	0.25
seed 	1585773687906
random 	java.util.Random@5e265ba4
neuralNetworkClass 	class coursework.ExampleEvolutionaryAlgorithm
Training Set Training
Fitness 0.025203344499159834