0.495590122888772,1.0941660382102767,-0.3712065550588499,-0.5888283367073264,2.490464096142807,1.5610931379932227,1.719927336204126,4.01194059514975,1.3494651396493085,-0.8337613016454393,1.2245211502593563,0.9128217668461902,0.274872407332005,0.5710952391170299,-0.727163342441953,-1.1564524822699975,-0.10922043642805335,3.7176053906945867,-1.1793176439290742,2.0713937715864503,-0.8867630045797168,-3.3686118890582657,-0.12847244335305774,-0.03612679358919335,0.6022549013084468,-2.8641487797702228,-2.538153393731477,-1.4473835718714163,0.1305682487735158,2.4854303928096266,-1.8813877445250426,2.1291421857986705,-2.063515057401037,-0.16950827342723152,-0.8009653544653332,2.776264763042577,-1.4519398071516005,0.01823072611880594,2.9113153032949493,1.299430762959508,2.4232640924260194,-2.2368018057698222,-0.6086485269638571,1.7703301945181895,1.0457285640676677,-0.5621194583596205,-0.5259964970587281,1.3306659838410866
numHidden 	5
numGenes 	48
minGene 	-3.0
maxGene 	3.0
popSize 	200
maxEvaluations 	20000
mutateRate 	0.25
mutateChange 	0.25
seed 	1585609870045
random 	java.util.Random@5e265ba4
neuralNetworkClass 	class coursework.ExampleEvolutionaryAlgorithm
Training Set Training
Fitness 0.12069417544600106