-2.498548430541487,2.8316134245073474,1.172912412032947,0.2800985097855876,0.026017653750371655,-1.102076814015875,2.5954234724014493,-0.8837000967663469,1.0761997001175858,2.6440419469522887,-0.5449011489928596,-1.2662322145170672,0.4345475445906879,-2.0823943944534973,0.640989169089633,-2.400559759172588,-0.32121806357294713,-2.4824167619409407,1.5240863082229605,-2.060928147733435,0.774655769876668,-1.001401244744425,-1.8004563895637595,-1.8209353965104658,2.279566369764515,1.5184318484262533,2.7007707089624473,-1.4658429605332144,0.9587561624254746,0.1409892709745213,2.644863629754277,-0.19693178489914764,2.703059320769998,0.8535259587682205,0.9496892775895344,-0.07556980354966925,-0.588247917800118,-1.6091257144323983,2.9313045904508175,-3.1769278067947058,1.2661828457292175,2.9809289057596957,2.3462476275689887,0.9419585863443055,-2.2305424227094104,-0.8653825637326035,-0.21339942575965526,1.6078147368845497
numHidden 	5
numGenes 	48
minGene 	-3.0
maxGene 	3.0
popSize 	200
maxEvaluations 	20000
mutateRate 	0.08
mutateChange 	0.1
seed 	1585661625660
random 	java.util.Random@5e265ba4
neuralNetworkClass 	class coursework.ExampleEvolutionaryAlgorithm
Training Set Training
Fitness 0.1509632147301809