0.434809533025998,-5.711049094572754,-1.1280155947082777,-1.3896145678658396,-3.5345849559598452,2.7799246969288136,2.4379110743496923,-2.189513802673047,0.8415985278278764,1.2662287968160637,-1.2642301371320641,1.1730944595781088,-2.374082532578675,-3.4526141911462638,-1.2152926978247915,3.606249269593814,-1.5893079211285621,4.118482692713515,0.3173445120904903,-2.1318483657567966,0.06748334598235228,0.15542306584530863,-0.6458825402876052,-0.6890727376308847,-0.7503861843498578,-0.6422995388932773,0.8161528778469815,-3.1820626215197154,-0.2993520020160827,3.1737741227500678,-1.970600969517796,1.9392153197250144,4.5682347000291195,0.8149956895459143,2.7129706758578216,-0.5457838931327124,0.7566962371497095,-0.21761089122456623,-1.5276033987289042,-3.746824375426484,3.3732373479920064,-1.1135528031027828,-0.0663022863064322,-2.2220161491536556,-2.4683739812247985,-2.0665305618554752,1.4569520512531167,3.300589177212707
numHidden 	5
numGenes 	48
minGene 	-3.0
maxGene 	3.0
popSize 	200
maxEvaluations 	20000
mutateRate 	0.25
mutateChange 	0.25
seed 	1585607473982
random 	java.util.Random@5e265ba4
neuralNetworkClass 	class coursework.ExampleEvolutionaryAlgorithm
Training Set Training
Fitness 0.008543160404688752