-1.4121280596883492,-3.2538603650047087,0.9328461837764497,0.7234247297232725,1.931515050722938,1.0182311572301384,1.0131953168661934,-4.268459413521106,2.8727130661910323,-0.49204988561282104,-0.6576032122091116,-3.0183605134538727,-0.7436525471650755,-1.5523684843563172,-3.2127904888972543,-0.9341718768931719,2.4379978146743255,-2.4014725906894263,-1.9213843424444716,3.0627422007756344,0.7359674771350377,0.775916075557082,1.1041928860055243,3.335642117791352,1.9824445117650153,2.3175086256189346,0.0854802637536034,0.5857871770228353,-2.610443505104116,1.493625809681003,-3.426132201391818,1.2757720791445388,2.8659992651624098,-4.050584428745314,2.5872178385941256,1.0980573448254498,-0.7226553533234465,0.048681747709143686,-3.4644083015593345,0.9119746619208353,0.6880504167327195,-1.29431513942809,3.348130617412509,-0.741970161051468,1.3556198785441191,1.9455802322860576,-1.3356871385635065,-4.0686214251875334
numHidden 	5
numGenes 	48
minGene 	-3.0
maxGene 	3.0
popSize 	200
maxEvaluations 	20000
mutateRate 	0.16
mutateChange 	0.25
seed 	1585672404373
random 	java.util.Random@5e265ba4
neuralNetworkClass 	class coursework.ExampleEvolutionaryAlgorithm
Training Set Training
Fitness 0.020251864415978753