-1.2666336280335293,-1.4895891340833134,1.1357646008600182,-0.7261972208036772,1.9822695539761632,1.0329462575271184,2.033666042757428,-1.2389376789764879,0.995958247363122,-0.5883458526785607,3.3427794062423604,-1.4798200105555483,2.4583326872813047,2.3821460127931178,-0.39732032481815094,1.852560844431065,1.468785850895156,-2.2641373939817093,-0.6904983670608331,-0.27832026212479566,-2.522139164945133,1.4697403989609885,2.50467332324803,1.7502382233753289,-3.0638641264603597,0.5911351245054086,-0.8824554801522346,-1.3479367921587906,-2.77257949726491,1.410309196910151,-0.8265757418358036,-2.223825856873294,2.2350782468734542,-2.68508996414214,0.9000217422430291,2.0963104501219556,-1.8444745828693612,-1.6295346614325739,-2.325730069747894,0.5225646000565455,-0.27430761824391725,1.5280384836102388,-1.4520015918225493,-0.5573715716897275,2.0714642945342536,1.144791752130358,1.1749018596727412,1.018521884101107
numHidden 	5
numGenes 	48
minGene 	-3.0
maxGene 	3.0
popSize 	200
maxEvaluations 	20000
mutateRate 	0.08
mutateChange 	0.1
seed 	1585661806722
random 	java.util.Random@5e265ba4
neuralNetworkClass 	class coursework.ExampleEvolutionaryAlgorithm
Training Set Training
Fitness 0.08818882795840058