-1.7110101629911196,-0.8602342859177724,1.1389696574076162,0.03918411132313451,1.8369657858455826,-2.7631208969877745,1.5741353640227826,0.13013853228768718,-2.8624497612049353,0.3007439723597928,3.0881577363652766,-3.327636007957794,-2.2893075226277384,2.4789775187326804,-1.8776903566282825,0.4898355878781694,1.81800732776572,-3.1627273360876926,-2.2260700540898193,0.4639915614833249,-1.991603531096128,0.46462109489469494,1.0426885308823937,2.7544983840889237,-2.7192256041176686,-1.9373810271615728,-2.7455527375439845,2.9151251029692173,0.016816005864910194,-2.0560599437095486,-1.184558921847041,0.10930845331352312,-0.8168710265315609,-0.8540811904565242,-0.7602666611408204,0.20459050589441138,-0.7637636597494093,1.5335520424655529,2.77063759551644,-0.512769742062896,-0.2147607726788809,-0.9779214921783769,-1.617968534482152,-1.212108326399183,0.4760164701045142,1.3926624219751051,-0.8017785686229191,-2.8535757342697536
numHidden 	5
numGenes 	48
minGene 	-3.0
maxGene 	3.0
popSize 	200
maxEvaluations 	20000
mutateRate 	0.2
mutateChange 	0.1
seed 	1585667348126
random 	java.util.Random@5e265ba4
neuralNetworkClass 	class coursework.ExampleEvolutionaryAlgorithm
Training Set Training
Fitness 0.14789585025457624