0.23789481138341703,-1.235730461899766,-0.16143419221756047,0.6269388994768781,1.5023073110951288,-2.418122287886132,-1.3886137732492048,1.9381339849408041,0.7397027461977735,2.147295407415507,1.4034129051899276,-0.5018086192772045,-1.1147173928615284,-2.9311708656957967,0.04797905466250427,-2.1423441422170613,1.1123916200658872,3.080481397535228,0.28754566713580487,1.1275651019365953,0.698342110210626,-1.3135615318999891,-2.7404272261775575,-0.8472575274586194,2.176546059389949,0.3201985687391714,3.095062747182557,1.3520187364566523,1.651020298440701,0.8235981743877347,-0.34904853219420817,-1.032053532167364,-1.4885671420131017,2.272484893992392,0.4533889214788771,0.333809363689504,1.7364741956414496,-2.615233141325062,0.8723057310589108,-1.981540904469417,3.310441327016106,-2.2569498298177466,0.2785233395443152,-0.05024949775462889,1.102536285965276,2.7480677765418826,0.953024283082008,-0.15492201818950188
numHidden 	5
numGenes 	48
minGene 	-3.0
maxGene 	3.0
popSize 	200
maxEvaluations 	20000
mutateRate 	0.2
mutateChange 	0.1
seed 	1585666125580
random 	java.util.Random@5e265ba4
neuralNetworkClass 	class coursework.ExampleEvolutionaryAlgorithm
Training Set Training
Fitness 0.12153226724053325