1.87548168310268,-1.368907682047636,0.11657906566400592,-1.1018817214691583,2.0553157508409714,0.01958744077715796,2.3235726470051947,-1.561088132262804,0.49850941605619825,1.174417730782316,1.765327314389309,-1.392889972178154,0.28872218916756676,-0.06232686518252942,1.6113770476509193,-0.33421082615143916,-0.35853048060824266,-1.6407782063842231,2.226962551476539,0.6091029677172263,-2.876746668819268,1.651708324608792,1.2172050867794506,2.3597001764124044,0.6430166645938847,-3.4549165340301817,-2.124076474220286,-0.15654903210646437,0.2742155369594764,0.5297189174227325,0.15812844807471796,0.20846384808156027,2.409151120407792,-0.5201129314147152,2.8823298396382486,0.05185640081077872,3.2280740965191335,-1.3603702955883583,-2.7565898124194734,-2.9482710505629286,1.4339244850085069,0.7807660628019584,-1.2710779935577206,-1.7767262961611157,3.8094351040625027,1.9580282065491952,2.03127568637518,-0.2730614775453425
numHidden 	5
numGenes 	48
minGene 	-3.0
maxGene 	3.0
popSize 	200
maxEvaluations 	20000
mutateRate 	0.16
mutateChange 	0.15
seed 	1585669919568
random 	java.util.Random@5e265ba4
neuralNetworkClass 	class coursework.ExampleEvolutionaryAlgorithm
Training Set Training
Fitness 0.014560632425012827