2.05740164888742,2.173317917930204,4.837417738242362,-0.6457706588836878,-3.6201499138412414,-3.991998719108861,-0.5774916083374042,-0.9808539506195653,-1.5783209210501008,3.483473783715101,-2.232183834824709,-2.2528789282386255,0.9237751324235308,0.5842710223879903,1.9916097098054357,-0.6904076951370319,0.8665650348178886,0.32914848610365066,-3.774578416105233,-1.4503732557824494,-0.7483581229184839,2.180446962264308,0.6964512536116025,0.8606092774201248,-2.0685988083761715,2.649767439182355,1.9762340294307954,-1.2375442652688387,-0.4081488431589868,1.610880847465312,2.5114798363904995,0.7142054818454646,-1.5628817655655167,2.3835338722299575,-0.65990016237836,1.9483329495342074,-0.2449674159014803,-3.3579571898269647,0.6200430080212573,2.946102222343681,-1.1384673655370312,-3.11969408727166,2.260678099907092,-0.8052278134755686,-0.822507732440438,2.5300948452158227,-0.7039367699852797,-0.6735551942950231
numHidden 	5
numGenes 	48
minGene 	-3.0
maxGene 	3.0
popSize 	200
maxEvaluations 	20000
mutateRate 	0.25
mutateChange 	0.25
seed 	1585610760304
random 	java.util.Random@5e265ba4
neuralNetworkClass 	class coursework.ExampleEvolutionaryAlgorithm
Training Set Training
Fitness 0.09959128031400832