1.4500704849984305,1.920466234237816,-1.8381924728970538,-0.6671609399175638,0.8641743105255975,2.5747933774798635,2.4019561015313253,0.045474700524253536,2.727077358160684,-1.4887471331942543,1.421567186114526,0.06008706252760504,0.11305789413011189,0.06752936031006102,-0.2819694047597518,1.7230930604950605,0.1721383824197556,1.2280983546380626,1.7563155402073947,-1.1208164552657178,2.4375828650720153,1.727875596093166,2.0187671913858565,-2.692896097941914,1.5048199061598622,0.9102492112378157,-0.4131510640695346,1.6859103659516004,-0.07109777987759491,1.079474532864761,0.6962706044759324,-1.2630469467986205,-1.964346805157262,2.7323285011360112,2.3237430730932433,-0.04948954469602712,0.9272033139567953,0.6363489151962158,1.9178964520261421,-1.8928301961255756,1.185661752113441,3.441900094226641,-2.0213055721048208,3.1427208204370065,2.4392206354566164,-0.22727009878684476,-0.5810238514603915,-1.7184988696449597
numHidden 	5
numGenes 	48
minGene 	-3.0
maxGene 	3.0
popSize 	200
maxEvaluations 	20000
mutateRate 	0.04
mutateChange 	0.1
seed 	1585238054579
random 	java.util.Random@5e265ba4
neuralNetworkClass 	class coursework.ExampleEvolutionaryAlgorithm
Training Set Training
Fitness 0.11867294393526304