-0.8998267533653553,-0.43166322449548133,1.165966602044322,1.6778268572843444,-2.7165682620325002,-2.45635678325447,0.41271871083670963,0.8555805231864481,2.4333355531248,0.5597498445913205,-1.3163540521361115,0.2904769830874415,0.2709065523591187,-2.650093738259434,-2.9707185387825605,-2.4866455084965233,-0.03783167249354796,-0.46623868957604053,1.5926454967811754,2.853222923019148,0.5505933702918923,1.114106231083499,1.3544665982661699,-2.2240706752874586,-2.2240292437696527,1.8851086144787108,-0.698048971867632,0.5295957562500877,0.8933062403068518,2.6749260371444326,1.4181095948042741,1.8765561858793185,-0.7434638161139827,2.4186331433342025,2.0085740719459872,0.7833094806952492,1.470510371079588,-1.5820548735271118,-0.2597447752346541,3.069309191190998,-0.9091295525787987,2.29226727478237,-0.33888235692343266,-0.16779491555112117,0.9651226593324637,0.21114367447222407,3.4027684720034617,-1.7785553683606745
numHidden 	5
numGenes 	48
minGene 	-3.0
maxGene 	3.0
popSize 	200
maxEvaluations 	20000
mutateRate 	0.25
mutateChange 	0.15
seed 	1585673202489
random 	java.util.Random@5e265ba4
neuralNetworkClass 	class coursework.ExampleEvolutionaryAlgorithm
Training Set Training
Fitness 0.14646331607697993