0.5887709805937785,-0.03945011045313568,-2.323368623865511,-0.17539506700628174,-0.11074121704240694,-1.1872440849084307,2.6121252470183367,0.14514422851831713,2.5898598909238384,1.7240603844217035,1.6019426901654592,0.016380413417009854,1.6420987340800974,-0.3925553001070843,1.6569393538856136,-0.887182117061268,1.9498197825616668,0.05264626594157232,2.9680916012676586,-0.7127349193403372,-0.7141437887742779,-0.7258952625190476,2.0586346067948496,-0.7546618065658874,1.9184899987113448,-2.3475876872200514,-0.5257659762657934,1.775644663619488,3.576353835039365,-4.92874213058323,-1.9361384903942545,2.1100984012860153,0.11284444270125374,1.5061513236208957,-3.1947779995430334,3.8118631282310638,2.1510441521992116,2.6130114237002524,-3.432751335663857,-0.1510301333370099,0.8475626077554403,3.243999055437052,-2.7716458440176996,-0.19030242450541449,0.4586398662765878,-0.6652300781863462,1.5327999362030016,-0.49864291155883966
numHidden 	5
numGenes 	48
minGene 	-3.0
maxGene 	3.0
popSize 	200
maxEvaluations 	20000
mutateRate 	0.25
mutateChange 	0.15
seed 	1585672964093
random 	java.util.Random@5e265ba4
neuralNetworkClass 	class coursework.ExampleEvolutionaryAlgorithm
Training Set Training
Fitness 0.12609024594602036