-0.5269630049662838,-2.610047426643064,1.0350233070378203,-2.156986583319581,-1.8350553498226279,2.6996083457993842,-0.8333204789536608,-2.410097059131771,-2.321074107192507,2.194738409287141,-1.2322720081610434,0.4235459553573674,-1.0051755986029005,1.4696016748074028,3.110361193352344,1.1099082386538168,0.8877067675956269,-2.880919201215663,-1.5067672355335908,-0.7208670262793767,-0.7588452219036675,-2.8119545196443076,-1.2822135111775035,2.5662585522640775,1.0845149151152311,2.367300775719126,3.4168807641413594,1.7209522652523068,-0.840485527397811,0.8476825000415824,0.14326540524364756,0.32340718117867506,0.010319880954244104,0.654405143510051,-1.5671108694392666,2.0228451062385564,-0.2827058587779521,1.0318177254482297,-1.397063437877403,2.931863378430604,2.3583711066196527,-1.4657333149790275,1.5269174941706645,0.7641647019941049,-0.7168530853458165,0.7018139712093303,2.8490516713303116,-1.5049974725973885
numHidden 	5
numGenes 	48
minGene 	-3.0
maxGene 	3.0
popSize 	200
maxEvaluations 	20000
mutateRate 	0.2
mutateChange 	0.1
seed 	1585667437681
random 	java.util.Random@5e265ba4
neuralNetworkClass 	class coursework.ExampleEvolutionaryAlgorithm
Training Set Training
Fitness 0.11154288446082768