-2.030857074759067,0.8034537506744932,-1.2896126165267874,1.658731535483925,1.5346885828022752,-0.7729207869720781,-1.8360428072693324,2.074812054394383,2.6234417083388637,-1.417667747402576,-0.5822665878092105,0.8256999101956366,2.251876419626235,-1.3739039966206386,2.2483571470189414,1.9806559991788575,-1.8211755890758061,-0.5864100353657394,2.4214683303838185,-1.7306598870271122,-1.0887056354908125,-0.3656305079261021,0.055057013020984646,-1.1606156334614643,0.4630970745192414,1.9714750418186098,2.5782411679480384,-2.1783184381705865,-0.5274882148068689,0.2074509788108472,1.6946349753257604,0.434722990811929,1.6879664666781093,2.188058931187564,1.105963161478546,0.4401810021533916,-2.579060673214206,-0.47087372818773066,2.185555334493422,-0.9697090294450622,-3.3569784983506503,1.6140723766799476,-3.187158619276264,-3.0165548835748397,-1.1306831428119772,1.6792713845807938,-1.8110472080092181,0.2677722907789062
numHidden 	5
numGenes 	48
minGene 	-3.0
maxGene 	3.0
popSize 	200
maxEvaluations 	20000
mutateRate 	0.2
mutateChange 	0.1
seed 	1585666028722
random 	java.util.Random@5e265ba4
neuralNetworkClass 	class coursework.ExampleEvolutionaryAlgorithm
Training Set Training
Fitness 0.09882054366458928