2.3099131798830275,2.762198493336964,-1.476021018122351,-0.38285818973271724,1.3783513146648332,-2.888213918914232,1.448101170874632,1.4244961098280116,0.6994911594468356,0.7230231372072016,2.4223017342947606,2.4283698067407418,1.0711915131236536,-1.1351856952577952,-0.4612201103415974,-3.4868059327240033,0.42598042638717093,6.1519961964418E-4,-3.3009192743000995,-0.4182447472061819,-0.2425439483316687,0.02103577663708389,4.37866683665888,-0.4839305696419367,1.4758232041200205,0.12462093199055424,-0.46895385590955674,1.8022714436328906,0.6129158756642576,2.57721436994889,2.918014741272949,-0.4979243155752382,-2.361149337728822,0.4689856459167947,-2.0368792041233204,3.110784886237206,-1.3182447664279504,-2.3356261720545133,2.223505633309852,-1.3632513412122909,-1.0911905987602246,-2.3461326694198235,3.010819830802486,-0.0304078674138335,-0.01886157718055781,-1.0322811782108872,1.8149646139143716,0.5244591447398825
numHidden 	5
numGenes 	48
minGene 	-3.0
maxGene 	3.0
popSize 	200
maxEvaluations 	20000
mutateRate 	0.25
mutateChange 	0.25
seed 	1585235836607
random 	java.util.Random@5e265ba4
neuralNetworkClass 	class coursework.ExampleEvolutionaryAlgorithm
Training Set Training
Fitness 0.0071534161891764645