4.056242396406648,1.2332525993546133,-1.3681388090980464,-0.28596714916143484,-2.512322737939946,1.906124998676014,-1.3201636791631528,-2.217669492693523,-2.5971140732762965,1.9635156263251847,3.540211477086066,1.6219710394947988,0.06577857707442636,-3.9663165503125835,0.7991352012660093,-2.4664549186631763,-3.5051846547123997,2.9273015927393873,-2.0567557574057864,-2.0559448680222747,-1.497499337019609,0.20657000903116263,-1.2119214469469695,0.35089221954425476,-1.6896907365805576,-1.6982952420959174,0.7220362525120567,-2.465615192274175,-1.8105508482566708,-3.1338716768617627,1.7902686835880415,-1.7984428199288551,0.6690920191270333,-0.8279915036419689,-2.5797618133857334,-2.124721080874144,0.24380394308625064,3.035745563861905,-1.780475035436464,-3.8259327788250683,-1.8271542280011794,-0.9196287781491383,-2.3554731490376986,-1.7269900940961338,-2.2859423360994917,0.16341230759494785,1.3817891081813007,-2.978179266878892
numHidden 	5
numGenes 	48
minGene 	-3.0
maxGene 	3.0
popSize 	200
maxEvaluations 	20000
mutateRate 	0.25
mutateChange 	0.25
seed 	1585240903005
random 	java.util.Random@5e265ba4
neuralNetworkClass 	class coursework.ExampleEvolutionaryAlgorithm
Training Set Training
Fitness 0.0793442038332105