0.4450739886179813,1.513634823421392,-2.1184540653596255,0.1498337363455089,1.207041734888017,2.6355267399494235,2.669957110968325,2.171374382078189,-2.344391812687806,-0.6993007853319031,-2.0910983222345756,-0.9786425522276484,-2.23547950582842,-1.1030053551519319,0.16841086965357788,0.0018340015435144852,1.4708473302471226,2.634307961161013,-2.6191316382673895,0.09451895746243544,-0.4634909276435314,-2.426887752655865,1.7023413231115163,0.42975353044350384,3.4751028924497698,-1.063315600031653,2.735812463597412,0.3248353818826675,1.3276728329635357,-0.33650500891613744,-0.9230953794951555,1.0651267045826616,0.640873585386339,-2.7611303277371477,-1.7843692407048213,2.7926254308322034,-0.06679113720244467,2.94619176378977,-0.48362611112150367,1.1772301375992265,-2.7575510244520234,-1.7427856277017906,1.7244728435131083,2.7939796448276377,-0.6077510779944217,1.5978461097136893,1.2114638405295808,-0.784910011880736
numHidden 	5
numGenes 	48
minGene 	-3.0
maxGene 	3.0
popSize 	200
maxEvaluations 	20000
mutateRate 	0.04
mutateChange 	0.1
seed 	1585239735645
random 	java.util.Random@5e265ba4
neuralNetworkClass 	class coursework.ExampleEvolutionaryAlgorithm
Training Set Training
Fitness 0.04217415745080638