3.4992481280096226,0.456371551731513,1.447284275555686,0.8423840774973685,-2.337622944396989,2.216955370423107,-1.5699648562264898,-1.4519098668760941,3.069856144982117,-1.8843450975610783,-1.4278540758413967,2.2806290310548714,1.4382139277563473,0.8146126187577348,2.4648968094058405,0.35773633403379623,2.185549454166479,-1.77204537676615,-1.0917507737010301,3.362242744076571,0.44250148243153986,-1.0199163840429097,1.3873180961729323,-2.134833987543196,-3.181121355958439,-1.600450463927347,2.261578958561275,-0.6134769837679667,0.6923444896554107,2.088620637514421,-0.001367878359113256,-2.195897024447773,1.6132843336401077,2.020791632513314,-0.644164807470824,-1.7736983212293889,2.135219765846827,-2.4819313404194467,-1.027907369576739,-2.26151986171234,-2.9171354003649186,1.5469867983736665,-1.6214180736108108,-2.1868359694894175,2.5601566576838746,2.2469207917703233,1.071177399500328,1.342765377079497
numHidden 	5
numGenes 	48
minGene 	-3.0
maxGene 	3.0
popSize 	200
maxEvaluations 	20000
mutateRate 	0.16
mutateChange 	0.1
seed 	1585664757378
random 	java.util.Random@5e265ba4
neuralNetworkClass 	class coursework.ExampleEvolutionaryAlgorithm
Training Set Training
Fitness 0.053271983327777245