0.9271371356929611,-1.2272540124837084,2.096511250498652,2.0757923062809702,2.444168739529475,0.7576232745829848,1.0956321731065468,1.5767074820805755,2.6674332526699214,1.242024181914969,-1.4109174558409905,-0.45399985950655275,-1.9082587059883696,0.6687482902433084,-0.4684824697180874,0.5690972524604118,1.6207586084196777,-1.7007473706075884,0.5509226407392421,0.8886644328663025,0.8630022273560172,-0.9319169349328399,1.7322217405291398,-0.5550857227883303,-1.72224788575088,-2.2373674357130073,0.29915858031531384,-0.08427691237610069,-0.8883621889032589,-1.448298159369326,-1.7470143275594467,0.8462420829078923,-2.5634183356208515,3.0281329338758503,2.2151634659965835,2.7682335045462603,1.7071999928610837,1.610082564177604,-0.3525522881009363,3.3574127208092577,-1.7993097238044162,2.262302122025191,1.6864128428945975,2.2626198316826978,-0.3153532204932284,2.453083735975078,1.9306305607104686,-1.736306144426897
numHidden 	5
numGenes 	48
minGene 	-3.0
maxGene 	3.0
popSize 	200
maxEvaluations 	20000
mutateRate 	0.25
mutateChange 	0.1
seed 	1585668036821
random 	java.util.Random@5e265ba4
neuralNetworkClass 	class coursework.ExampleEvolutionaryAlgorithm
Training Set Training
Fitness 0.04267624848809284