-0.28004661165271116,-0.9015999481090802,2.8920455279434787,-1.551602954662994,0.6049432522975771,2.1951460998319465,-2.4126568979941903,-2.967551304587973,1.1518383238727612,-3.125253247529647,-1.8316287644700406,-2.04721041315336,-0.22796899167813955,-0.9922892034639812,-0.3578611363198929,-1.4757020169442558,-2.702998417609873,-2.4654620290015483,1.4819190726723122,-1.7452234409160137,-0.7946526038800532,0.3718004707905793,0.46166500428433954,0.4362941608371518,2.174614821740536,-0.8282985643639904,0.5028205010857647,0.7714920545224735,-2.938851916357954,0.9909556304876634,0.11622953422458338,0.43737991850116975,0.7920198434104866,1.4150739991890164,1.7464567462851424,-0.6768661964169507,-0.2785212520236342,-1.1381307884895935,-0.26206155002040155,1.699890961703245,-0.7398032123934437,-0.596769403551674,-0.5080019994589078,-0.21047677883006344,-2.4710317580264025,3.496955763324758,-0.5791373486256872,0.34585011457447834
numHidden 	5
numGenes 	48
minGene 	-3.0
maxGene 	3.0
popSize 	200
maxEvaluations 	20000
mutateRate 	0.16
mutateChange 	0.25
seed 	1585672521672
random 	java.util.Random@5e265ba4
neuralNetworkClass 	class coursework.ExampleEvolutionaryAlgorithm
Training Set Training
Fitness 0.09767667675026329