1.9274878063653986,0.3229784891033507,-1.0888832078778077,1.4293823225720947,-3.220231416722494,1.3323114431611298,1.392795160429534,-1.0173711506877563,-1.7248874731360744,-0.20566424349928702,0.327692350692562,-3.1868248486895117,-0.35620514003582304,-1.7544216532673231,-1.0470674756944027,-2.7953558390442623,0.7686876336602877,3.53776660635559,-0.05819826339553824,1.7684880454626644,1.4363448573167155,-1.3950545125403995,-2.1070852399644986,1.699453521800944,0.5261507826726834,2.417602125728642,-0.5494704174133891,-2.2111734135898855,0.18336758431290567,0.7804795187802887,-1.1491295183847052,3.749596285835187,0.004342391662317979,-1.9649497857784692,-0.10950833890424816,3.2807206418195554,-2.3179441319510308,0.8194227217415966,1.9513861403132235,-0.8917707752479795,2.4176125287408743,-2.6822524072371374,-2.706282804572851,-0.5110614704886727,-1.0517983268492008,0.14798888056828563,1.590719946930749,3.5981081854380905
numHidden 	5
numGenes 	48
minGene 	-3.0
maxGene 	3.0
popSize 	200
maxEvaluations 	20000
mutateRate 	0.25
mutateChange 	0.25
seed 	1585607257245
random 	java.util.Random@5e265ba4
neuralNetworkClass 	class coursework.ExampleEvolutionaryAlgorithm
Training Set Training
Fitness 0.1043425590595546