-3.04821401603399,-0.8103973935318212,1.3507433451497937,0.5125899441709603,0.3139069083499688,1.3258705201771548,-3.0570237540713165,1.928590319062244,-2.192631325523237,-1.769576383668875,-1.5505150454414274,-0.7775751070315042,-2.445961900216277,-0.2545584397765479,0.4293661989274007,0.003074204304586381,0.015132668052683762,-0.7875244840032785,-2.1978294975570596,-2.3197638610180267,1.41041566917729,0.7505251360640433,-3.452352849423116,2.1607020595610615,-1.0634253205184496,-0.8883951807057793,0.1659485083006711,2.4152836880734547,0.001766144837983319,-1.8845508501754842,0.5400751002661837,2.2724293831641065,0.339787999108367,1.545861532282732,3.082583509287579,-2.2307181944485484,2.9513311576823327,1.7095759588077737,0.22630972571794272,-1.446967009906512,-0.4087592265304165,-3.885643399035754,-2.0659057664896214,1.1750464922564525,-0.7702926985891905,3.4164202345548693,1.705233278618966,-2.092675379453272
numHidden 	5
numGenes 	48
minGene 	-3.0
maxGene 	3.0
popSize 	200
maxEvaluations 	20000
mutateRate 	0.16
mutateChange 	0.25
seed 	1585671830654
random 	java.util.Random@5e265ba4
neuralNetworkClass 	class coursework.ExampleEvolutionaryAlgorithm
Training Set Training
Fitness 0.09787979099824215