-0.5763779878431434,-1.6156751786075823,-0.4900856818707252,-0.5122408750773197,2.0600156179696287,0.45694469367308455,-1.4219973384110982,-1.5683057116875114,3.2957865240521764,1.845502108859271,0.8062532220365272,3.2302224732957514,2.673672208119974,1.1540528918688038,0.8127032710436859,0.9828340108156931,-2.8313168063746277,0.06814079318303196,1.260319228719357,2.3105250574457568,-2.8389502689069617,-1.3684446538152701,-0.9094810572429439,-2.133267791064624,3.4499700320907007,-2.290592526224219,2.4957304358260988,2.7837479307411623,-1.722028933196728,-2.463464038419819,2.0459196220051843,1.4909356663379083,-1.4021944229352634,2.3217377279251936,2.839871512574495,-2.243707120707133,2.2634143248906042,-0.5626944670512037,2.145375680778161,0.15564785263146388,1.4635940136821297,2.4698336148751645,-0.7266770845528823,-2.935992049157049,0.2916211857499469,-1.1077570266667847,0.4990785816085668,0.7413146006554108
numHidden 	5
numGenes 	48
minGene 	-3.0
maxGene 	3.0
popSize 	200
maxEvaluations 	20000
mutateRate 	0.16
mutateChange 	0.15
seed 	1585669488460
random 	java.util.Random@5e265ba4
neuralNetworkClass 	class coursework.ExampleEvolutionaryAlgorithm
Training Set Training
Fitness 0.0868805303290149