1.2119560058243062,1.3341235543193024,1.1820189844848183,-1.038939297410371,-1.9330578014686326,-2.209116526614618,0.07494957230446123,2.9332605689053683,-1.3755349553631824,-0.5614602182272603,0.49191881634823054,0.18053195534692357,0.35122408233039915,-0.7358676521974319,0.15926396160971185,-2.566281439928755,-0.619436539308917,2.0714544671529747,1.9845806362991008,-0.06452179700487687,-2.5657381459985533,-2.1715263196403436,-2.251120239263186,1.4378565917321877,0.052268003270962815,-2.2829391809472055,1.1441695529623885,0.08553160278188798,-0.2296907495452179,2.6414451804258827,-1.9779802652382634,-2.6531759408990427,-0.5207133392917821,-1.262204689159004,-0.23725764785123352,-1.40375792453054,2.2036094653956453,-1.6925151929849016,2.2271172432401896,0.005160887259282099,2.8621439104880824,0.5832879213635245,1.5153357454557814,-2.6381864636464063,0.22631823436706444,2.7849859478458154,2.7771581542477466,-0.6294172002374511
numHidden 	5
numGenes 	48
minGene 	-3.0
maxGene 	3.0
popSize 	200
maxEvaluations 	20000
mutateRate 	0.04
mutateChange 	0.1
seed 	1585239141725
random 	java.util.Random@5e265ba4
neuralNetworkClass 	class coursework.ExampleEvolutionaryAlgorithm
Training Set Training
Fitness 0.10534992304932092