2.1538937228577257,-1.2309496681835628,-1.472942992826683,3.0929480412925328,-0.7471497584676132,-2.3295992161717773,-2.4801953606468174,-1.6631012014926334,2.021328035895393,-0.7679079304364171,3.1088473324694057,-0.8410633910555678,1.0830487557817952,2.2811005457012197,1.3532757993266378,0.576926087798113,-1.3629749149002897,1.0643135935885832,0.8759239381852821,2.164641246080305,-1.3059793082553643,2.039573319219773,1.219824864947907,1.6353877190438073,-2.344764464205915,2.297052591840014,-0.3590442566947986,1.929267700158535,0.09663201591891496,-2.1866552329594295,2.0809564865203973,-0.4648236119970867,-1.8827605994625716,-1.0925570931050392,2.9771856421813423,-3.8858284859868735,-2.9578047109301977,-0.12791704105572266,-0.7813547336656921,2.0638987712601926,-2.9587937486604083,-0.20427655090344854,-0.6550209748010318,-1.1256949797961207,-0.6694700647021605,-0.7302727789924888,1.811920912499086,1.372919602448646
numHidden 	5
numGenes 	48
minGene 	-3.0
maxGene 	3.0
popSize 	40
maxEvaluations 	20000
mutateRate 	0.2
mutateChange 	0.2
seed 	1585234238038
random 	java.util.Random@35d89ca1
neuralNetworkClass 	class coursework.ExampleEvolutionaryAlgorithm
Training Set Training
Fitness 0.025137242140294704