-1.310602386169607,1.3994018358419198,-1.6321330583450708,-2.94895273933413,2.1884555078414163,3.22906525363044,1.2446190807831816,-2.7104692800521395,0.13906606048324913,-1.9978625016363836,-1.2360570542124745,-2.972370444502189,-1.130655525225901,-2.709589463924451,0.9924274284322314,2.575647938658278,1.328962228245486,2.632209731411209,0.5090878121840534,2.042789774806994,2.7467835019393565,3.159904166316244,-2.6557083674830997,0.5991040056433287,-2.9566495722703965,-1.4544342629346683,1.1382964304671046,0.45271915908289895,-0.26571445366476865,-1.5039339134365828,-3.5017563364053896,-0.6851377681122773,2.1806081772889607,-0.029306674668609756,1.2711270684402938,-0.31429316057471324,3.399379387310746,0.7736683782974076,2.226424672054673,0.49214204389680494,2.6430119419045788,-2.0092600896354655,-0.8442466058382951,2.394100579130268,-0.26199510921832403,2.4933308732268373,1.8480816338262887,1.7991301973537794
numHidden 	5
numGenes 	48
minGene 	-3.0
maxGene 	3.0
popSize 	200
maxEvaluations 	20000
mutateRate 	0.25
mutateChange 	0.15
seed 	1585674986773
random 	java.util.Random@5e265ba4
neuralNetworkClass 	class coursework.ExampleEvolutionaryAlgorithm
Training Set Training
Fitness 0.016954393706098515