0.036097391824802205,2.2536681453135845,-1.5182813956211905,0.27072213336133366,3.0864458762432267,2.8710724475911373,-2.7681521478957274,-3.1547929652148676,-1.7130573649210596,0.07301172212530305,2.3104535518717215,-0.19650458436633866,-2.6806938281403223,1.7830819560154776,1.3006253076827736,2.622537540259043,-1.7526739703655894,2.8521617210893595,-0.7680591127033707,-3.058106989076589,0.28826483738718345,-0.28200138095167704,-0.9968566920086364,-1.6296585971645614,3.0574476303488414,-1.3881175860269162,2.7909140346918795,0.9918941906994183,1.7137131962728187,-3.4381448353095303,-1.5191848021163805,-0.047507401933708504,3.6345729188243725,1.3149573313317786,-2.423604836708832,-0.8995239501892867,-1.6114069571111624,-0.38844802584337845,0.8998717374399021,2.683199768454341,-1.1513098594805422,-1.2571793535467792,1.4427315843897368,-0.6810181468860101,-0.19629926925475694,-2.9919324908599165,2.2070044760639504,4.367850782483075
numHidden 	5
numGenes 	48
minGene 	-3.0
maxGene 	3.0
popSize 	200
maxEvaluations 	20000
mutateRate 	0.25
mutateChange 	0.25
seed 	1585608219193
random 	java.util.Random@5e265ba4
neuralNetworkClass 	class coursework.ExampleEvolutionaryAlgorithm
Training Set Training
Fitness 0.02418169790614087