-1.523501907563086,1.4499765385234724,-1.0326931246162863,-1.2979916172175452,2.3221433430848295,-0.6148119816992548,-2.7975449925482527,-0.7156148326821645,-2.5528952650153665,2.8056163051569163,-1.4443140573776168,-1.86101868639176,-2.803687999869468,0.2098356442643814,-2.069456139630712,1.6143407376283525,-2.3870276715520666,2.5725859975931904,0.935263248521581,0.6878754170437515,0.7094354214975187,2.5741069445586273,0.9317585882293322,2.647816175762541,1.9896655857219754,3.1145109474949386,-0.03404818795155862,-1.7087492037095844,-1.402471070837839,-2.626366202872081,-0.1059257899353816,-0.606193839185944,1.8928357442942092,-2.41109170918769,-0.9589363695469224,-1.7876147350287463,-1.3776862984428035,-0.4265830769220562,2.686160642861082,-1.5242650764874508,-2.0945792682005147,-1.2166108465201186,-2.182704399565936,-0.5515266466303936,1.2451428950958245,3.2190166939191815,2.6798370499983113,-0.27742764072656545
numHidden 	5
numGenes 	48
minGene 	-3.0
maxGene 	3.0
popSize 	200
maxEvaluations 	20000
mutateRate 	0.25
mutateChange 	0.25
seed 	1585611019906
random 	java.util.Random@5e265ba4
neuralNetworkClass 	class coursework.ExampleEvolutionaryAlgorithm
Training Set Training
Fitness 0.12202070761535354