-1.805607314539558,2.165834199109934,1.94814464492284,-2.2037475594905613,-1.1984531665269735,2.945141293799594,-2.77278909505066,-0.26431062939771843,2.3455813908503043,-1.252035234860969,1.9070741192604457,1.6852001475107294,-1.08551498487115,-0.17841022559453934,-1.4632142291994967,0.660031060156786,-3.1113952858618132,4.70194934848891,-1.5277412678704494,-1.0215405075925124,-1.0523542450732968,0.1935116148936884,0.9998601017493818,-1.240063195259026,0.7490363218883305,0.5368242034003943,-0.23060125040776913,-1.0364779276752856,-2.923721483523975,0.48763238877457077,1.9661855962599477,0.4512588464495541,-0.33511113881901794,-2.62515972459982,-1.0954271919370533,-3.3017371180186177,-1.8899799938889246,-2.1645499708121543,2.5656203205850163,1.9958934320127597,2.243834654856964,-2.1570299542167115,0.029263919616490608,3.50649338531077,-1.2578077712983649,1.6516425074322583,-1.8333998400792388,-0.472209377394251
numHidden 	5
numGenes 	48
minGene 	-3.0
maxGene 	3.0
popSize 	200
maxEvaluations 	20000
mutateRate 	0.25
mutateChange 	0.2
seed 	1585675321894
random 	java.util.Random@5e265ba4
neuralNetworkClass 	class coursework.ExampleEvolutionaryAlgorithm
Training Set Training
Fitness 0.04297597459895089