-0.3608390831108115,0.43772799821630937,0.3502793754404445,1.7482527845068088,-0.832334380335638,1.5720744670290534,-2.6290172970915613,2.9211903387855322,0.05913634655841182,1.4169835610465666,0.24548119560856918,2.0121060876561687,0.8404794918637233,-0.10532907931762647,-0.3985976120185817,-0.9504247771342751,-0.5318121503702606,-2.4653215433800284,-0.7664763545426037,-1.451791497202348,-0.5305911599699717,2.5675727875166157,-2.675161558549031,-1.7345112012915016,1.5528939765666738,0.3575377994979947,1.0184108374514667,0.935750334872707,2.0490687289196305,-2.282316295345522,0.5527106563700266,2.8592476136069855,0.6423268317974236,2.438119326515908,1.4882816366137819,-2.0282033704398845,-1.1725032924471694,0.3117703510613232,0.991834342870435,1.8983291940571299,-2.9248280071191495,0.5626063719054413,2.1505210900545704,-2.5056846725772353,-1.3152702230526079,0.8022246876258112,0.18463849793869613,-1.0984452000712435
numHidden 	5
numGenes 	48
minGene 	-3.0
maxGene 	3.0
popSize 	200
maxEvaluations 	20000
mutateRate 	0.16
mutateChange 	0.25
seed 	1585773955600
random 	java.util.Random@5e265ba4
neuralNetworkClass 	class coursework.ExampleEvolutionaryAlgorithm
Training Set Training
Fitness 0.11360114967528216