0.10201611926456947,0.23375850510856755,1.1332736931379488,-0.7475833195465063,0.19667417816956348,-1.9024063411925112,-2.7152310338720325,-2.269734450443229,-0.5578263621477108,-0.8078904424758659,-3.1112307900634395,-2.1066674357158615,3.9199910624210244,-3.5472469425279654,0.876473721942604,-2.8679567749027033,3.013236511539263,-2.1881832513524757,1.3483106782884162,4.488683344164541,0.9021303273261946,-1.9787125466874502,0.8408218719718592,-0.769757024499111,2.6161477957349537,0.3410740071456957,-2.6715454332461643,1.0988142941568282,-0.07852149786442592,0.5946035181569754,1.4129337269686015,1.6639975646922514,-1.7451257894688619,1.8980734895079272,-0.3959396988601279,-0.7751913867296747,3.3848782852213883,0.7114417875882901,-1.4155475937823314,-3.8308642838657847,-2.461148407179563,0.838536555584328,3.7269169839219334,2.3968363602700222,-0.9708663333288091,-1.7795373605389804,1.6968163078178171,1.348110118896086
numHidden 	5
numGenes 	48
minGene 	-3.0
maxGene 	3.0
popSize 	200
maxEvaluations 	20000
mutateRate 	0.16
mutateChange 	0.15
seed 	1585669085917
random 	java.util.Random@5e265ba4
neuralNetworkClass 	class coursework.ExampleEvolutionaryAlgorithm
Training Set Training
Fitness 0.10533487140032258