-0.5494055976223589,1.7295535846590506,2.716694367912244,-3.0723905588857416,-2.1331786885961606,-2.671443480297776,1.5590621578630266,2.80524863932357,0.31225869313338883,3.1683974600804365,-0.04467987633970072,2.69911217052697,-2.259127787985623,2.1985748620282353,-0.5641520002170606,2.9007318282643473,-2.3356119104478066,1.3517497798285736,-1.7589447719381246,0.2925340934986116,2.224186254050214,-2.985994635798528,-2.0617678399368846,-0.615982563964411,-3.7730015814568976,2.033419310534372,-0.35768674354907737,-1.4807325207249695,-3.450867134875531,0.10673190016158962,1.1114853479732512,-1.952257366846835,1.4057504115866966,4.022564664982161,-3.700877145026724,1.1076838810392435,-1.9889938025264238,-0.9341845137441729,2.691580093889482,3.966421388980736,1.871674585246951,-2.3484719371341374,-2.553085325030268,-0.1557233010280914,2.6111662930681927,2.9577079573475054,1.7226657971932458,-0.4313215650453617
numHidden 	5
numGenes 	48
minGene 	-3.0
maxGene 	3.0
popSize 	200
maxEvaluations 	20000
mutateRate 	0.25
mutateChange 	0.25
seed 	1585250095263
random 	java.util.Random@5e265ba4
neuralNetworkClass 	class coursework.ExampleEvolutionaryAlgorithm
Training Set Training
Fitness 0.03854206307576172