0.6487117926651464,-0.5863614562333379,3.488633048536558,1.197469141389206,-0.43901005467260257,-1.5784025042578378,1.2935244549196616,1.5374522357239568,1.4185547393473898,0.18183006684831593,0.6531834025109484,1.4857986264525804,3.255420658281164,-0.4967259570473548,-1.1697972175968756,-1.5711946591585981,2.428720658997003,-0.20571521312987318,2.0541606616725128,-1.1797948110178855,-1.6575251680160403,2.531091418629048,0.8324172409946584,2.328042296698171,2.4978651733185746,0.11383911395174584,0.9291826788044011,-0.8235224276427378,-1.9703780911621025,-0.28730248361493693,-0.3831997452392564,-0.30972516888186385,-2.613822923365854,-1.7485684634132248,-3.2300158862875694,1.8133906704581086,3.7467851062114104,-2.341739540518703,-0.7219516481459203,-2.6757362572463803,1.8918574980735245,4.433745686111067,1.8419606348151278,2.359069658452843,-2.446692650215928,-2.057125413590124,2.002351197616127,1.9303814731839033
numHidden 	5
numGenes 	48
minGene 	-3.0
maxGene 	3.0
popSize 	200
maxEvaluations 	20000
mutateRate 	0.25
mutateChange 	0.25
seed 	1585605107539
random 	java.util.Random@5e265ba4
neuralNetworkClass 	class coursework.ExampleEvolutionaryAlgorithm
Training Set Training
Fitness 0.01080358066087855