2.92861781623669,1.9361970446851533,2.0202387748945947,-1.2693526206173127,-0.25975750902055683,-1.3583540645488656,-0.5577952222233766,-2.68742789122148,-0.5438043831407642,0.5163753829117654,1.426625675480576,-3.1819636052552003,-1.1487563426480372,-2.6359610074522704,-3.0804292145974816,-2.5109260078360025,2.3354840526162732,-1.365431379726143,1.2172114045496878,-2.859417037454496,-1.1657345471270808,-0.7154403008452346,-1.230928156282571,1.6985209852359286,0.9543288670505023,-2.829492422509189,0.02723717374547041,2.715012783921904,0.8692173097723792,-2.961690925838619,-3.9060998303438224,-0.7959425086314931,-2.1449581623743117,0.7173680165044081,0.8864224382112571,1.6551975426384127,-2.6567542114756915,-1.3899373209247923,-1.5566152952152696,2.7836821325516325,2.730049306728249,-0.5127433768691381,-2.413101475955495,2.964328559163868,-2.7571926517787215,-3.2920430071967,1.9357448352511666,-1.8775411810537133
numHidden 	5
numGenes 	48
minGene 	-3.0
maxGene 	3.0
popSize 	200
maxEvaluations 	20000
mutateRate 	0.16
mutateChange 	0.25
seed 	1585672599315
random 	java.util.Random@5e265ba4
neuralNetworkClass 	class coursework.ExampleEvolutionaryAlgorithm
Training Set Training
Fitness 0.07644189608078299