0.1547828494423625,0.2734982425028552,1.3080828464650898,1.833767496723412,1.3078071684719448,3.051223501411449,-3.109312377771905,-2.109220505662795,-2.4699473361236954,0.888539069026341,-1.405794037215739,-1.7520963605005844,-3.576275972049702,1.3698803980978984,-2.6345532727203005,-1.1162490562601906,-1.8201535862621285,-0.558384086218226,-1.8087295778496162,-0.3151685404622636,1.740939964875361,2.2675406357852905,1.4129669172238772,0.08668339063514385,0.13519962288108817,0.04207574779920906,1.1293428424525687,1.7261941545984958,1.4371961171390661,-1.7182798310107157,-1.8605661313880502,-2.9050062260133935,1.2862851251236016,1.5133442452808232,2.370679578329037,-2.1494024150642757,3.2075891128061547,1.7134645048432544,-1.129180067362508,1.546273275381242,-1.0684186266010447,-0.27431567642875965,-0.18830452727573663,-3.017597860258122,0.5969782376888,1.8940314517080785,1.4605530916265574,1.3614026894054814
numHidden 	5
numGenes 	48
minGene 	-3.0
maxGene 	3.0
popSize 	200
maxEvaluations 	20000
mutateRate 	0.25
mutateChange 	0.1
seed 	1585667806825
random 	java.util.Random@5e265ba4
neuralNetworkClass 	class coursework.ExampleEvolutionaryAlgorithm
Training Set Training
Fitness 0.12612466726665603