1.073285271390592,1.0922996848989035,-2.660105469616016,-2.5209675659051074,-0.4883466630522504,2.328250947538077,-1.0039593846706865,-0.37333413027854956,-0.3686033558381001,-2.0214745497052897,1.314344337224929,-2.3034324319684956,-3.0238700718255993,0.5965303159579669,-0.91164872533173,0.8525233336226901,0.7803633123313212,-1.1915529673978016,0.4494390038349394,-2.2380745109025026,-2.3934311036159985,-1.8282457959731855,-0.6166501445885335,3.0974400687863053,2.4661937606588147,1.7184226673490812,-2.9850409002650853,0.973275170177236,1.1134185274976893,-0.8345289312605928,2.5594232849650673,1.060815925470092,-1.0928275841167001,0.20310662897456044,1.5317298536657082,0.9809151087320487,-2.2926939141137117,2.1851695594691023,0.1015748558475904,-2.56187849619731,-1.6615656354640858,2.3759049779391264,-0.17162273319945687,1.716725800124724,-2.8328329163310726,1.539725161025772,2.002675814442542,0.028593221952802672
numHidden 	5
numGenes 	48
minGene 	-3.0
maxGene 	3.0
popSize 	200
maxEvaluations 	20000
mutateRate 	0.16
mutateChange 	0.25
seed 	1585774258684
random 	java.util.Random@5e265ba4
neuralNetworkClass 	class coursework.ExampleEvolutionaryAlgorithm
Training Set Training
Fitness 0.046929884490786965