2.3305865903831418,0.10267752979372258,0.01750101048586128,0.4348941196557936,-0.3649471677097784,-3.5403458628904545,3.3086180823103106,-2.412520903609768,-0.8195665060765389,1.7859858377551485,0.37211266540227994,-0.6546175772848364,-0.40177362232120784,0.043318010662510176,-0.3809247801248974,0.5676491446673806,-0.3945541187226729,-2.8082419887382866,-1.1346324590427699,0.23876642418401506,-1.7102370123075996,-0.2851776190926749,1.6912976599956666,-2.372169181010698,-3.086732186949499,-2.2294660029051228,-2.258605217350909,-0.1865422927640008,2.6730248369762455,-2.0545838443076603,-1.0086777019987205,-1.3677640437720358,-2.0437991769082435,-0.20288939556571872,0.20232728546473222,2.4112603213576147,-1.8353424749384843,-0.7321627940036493,-3.835516524092758,3.085511709961712,0.9085070720331476,-1.6151088679126353,-2.3516559389635203,-0.27141143006507384,0.03024004294500493,1.18586323823276,2.7404818059752483,-1.109472387462434
numHidden 	5
numGenes 	48
minGene 	-3.0
maxGene 	3.0
popSize 	200
maxEvaluations 	20000
mutateRate 	0.25
mutateChange 	0.25
seed 	1585609061604
random 	java.util.Random@5e265ba4
neuralNetworkClass 	class coursework.ExampleEvolutionaryAlgorithm
Training Set Training
Fitness 0.1260047555865043