-0.0393754808405781,1.5493355394184882,0.5553403429513906,1.5450011209742125,1.4758386853576466,2.3735493597350135,0.13481994127565644,-2.3818299085558317,-0.9066354264301518,0.6895213171231682,1.1364254642932439,2.640721605327724,-1.1670015524027884,-1.43968562793024,-3.193918061967702,-1.4362131337029924,1.3616970098404768,-1.503267274411447,2.5639553600908576,-2.334508946174054,0.5424668641046597,-0.23102154285709456,1.4960866846238803,0.18215049249054763,-1.7013634776592275,-2.9805173622498664,2.2721236029916474,0.3872418354520559,-2.505862402804307,1.7360266537117774,-2.259643309990986,-0.4112115976726334,0.19096252964491758,-0.29830379886927294,0.880566761081061,2.39197468599424,-1.3569843045850123,1.0331311933236262,-2.138015270153958,-2.1125231723340683,-0.7788790545776666,-0.6490481024107931,0.9579637934446673,0.07716542170994906,-1.0630038761814755,1.1961726871298421,1.6107590718242655,-1.9624882542995818
numHidden 	5
numGenes 	48
minGene 	-3.0
maxGene 	3.0
popSize 	200
maxEvaluations 	20000
mutateRate 	0.16
mutateChange 	0.1
seed 	1585665130875
random 	java.util.Random@5e265ba4
neuralNetworkClass 	class coursework.ExampleEvolutionaryAlgorithm
Training Set Training
Fitness 0.14683924623599112