-2.6347328920271305,1.138207822970859,2.289257090388579,-1.99427192683103,-4.782047463861602,-0.13057479739316857,2.761089292188963,1.601247506068912,1.7823733521460374,2.7326455258510745,-2.2230326200878205,0.9305047850835035,3.3628906573208592,-2.637149904076507,-3.4270750347911614,-3.5239163878118642,-1.551170637247721,1.2360017393702867,2.667348043549789,-0.8372501578044522,-1.9264821548350293,-4.3695386251945365,-1.589256670937866,-0.13542926427321555,-2.587625416542666,1.156418653331353,3.2932026999460238,-0.07772129828047492,-0.06775816121426903,-0.39745719327283435,-1.6049997770474675,-0.3894845611536617,-1.027483184956238,2.2767958815328866,3.027869771053881,2.26607762957594,1.6444956978623617,-4.866417765425651,2.464116594273907,0.7472688778567584,0.628703614131574,4.5321454424473115,3.187830995888141,3.290946378487379,-0.6691581622614771,4.2113543852495,-1.6729248634159242,-1.0821618287795742
numHidden 	5
numGenes 	48
minGene 	-3.0
maxGene 	3.0
popSize 	200
maxEvaluations 	20000
mutateRate 	0.25
mutateChange 	0.25
seed 	1585607349568
random 	java.util.Random@5e265ba4
neuralNetworkClass 	class coursework.ExampleEvolutionaryAlgorithm
Training Set Training
Fitness 0.03480694830681586