1.0166959535937554,-2.1868234916882723,-4.338539535653012,-1.6100203534382,-0.8118684543644299,-2.0018178214679203,0.0023127110050070177,-1.5613602818784003,2.6192590219731677,-1.3976844683800913,0.8432934231656113,0.47134730620536497,-1.7312758560928323,0.17721412726360575,2.7201079328296043,2.8832541167645704,0.14488758311231553,-0.2953264180375923,1.586697838107296,-2.927668495612023,-0.41926905014307775,2.7490692761504016,0.14496291627443647,0.4750547096672851,2.85799211353162,0.5011291561686779,-3.9752687797257744,-0.29016094344791543,-0.21206302457460835,-0.5401764434972529,-1.4569356871583394,-3.348641763223471,1.096411988166556,1.1237439673273473,1.3559727620711974,-1.8227611718505414,-3.111442275242962,0.17545749258196858,-0.7129008067551967,-1.6655192664828673,-0.7162066817480386,2.6419287878884887,0.1769131823277168,0.36631334095024853,-0.8855786600239188,-0.9987879075703656,-0.6575584302514168,-2.5789405208135303
numHidden 	5
numGenes 	48
minGene 	-3.0
maxGene 	3.0
popSize 	200
maxEvaluations 	20000
mutateRate 	0.16
mutateChange 	0.2
seed 	1585671428458
random 	java.util.Random@5e265ba4
neuralNetworkClass 	class coursework.ExampleEvolutionaryAlgorithm
Training Set Training
Fitness 0.03208973882672443