1.685480880365687,-0.09222839095264712,-0.9040175969280329,1.395343576824299,0.496589103720227,1.257835966354678,-1.225019586365243,1.430747787353269,0.10336201853181226,0.45815447547940424,-0.04004077233305914,-2.2550135502442163,0.07892765743185404,2.1038979474851818,2.549789585797612,-0.8980158422923887,0.31902371954751274,4.205477912312556,1.1263613366661094,-0.7656778555832808,-2.182448856419645,2.4133716541501107,1.238432827279067,0.9269375180899591,-1.3995109351004293,0.7761719018493829,1.9777223929550134,-0.324114155783338,-0.7954156468710099,3.574034368201234,-1.0056022456598077,-2.1577261444636955,2.2805894316051276,0.8224365592933185,0.8862281991747665,-2.1320516027056913,3.031680631998058,-0.21861222978110995,2.620274091799323,1.9535188354646653,-3.2339517391007853,1.4829717351498415,-0.44190184381044784,1.3707678562657417,1.8485096549528768,0.6553330967244655,-2.9949087589541197,0.2904958839437697
numHidden 	5
numGenes 	48
minGene 	-3.0
maxGene 	3.0
popSize 	200
maxEvaluations 	20000
mutateRate 	0.25
mutateChange 	0.25
seed 	1585236234864
random 	java.util.Random@5e265ba4
neuralNetworkClass 	class coursework.ExampleEvolutionaryAlgorithm
Training Set Training
Fitness 0.012524942278994736