-0.6447647912795358,-2.0126140542191995,2.2981821695540665,0.44439586207823967,1.10895524939213,2.9808854847656536,-1.515060544597897,-1.7446520191010078,1.2887168107218887,2.862453442065261,3.127466636075166,1.0447681484367843,-1.049231266797359,-3.1889053630532307,1.3561823299930265,2.8382340830151698,0.77780949917276,-0.3079103897364938,-0.6198016957952315,-0.06246436658832771,-1.0245099271125466,-1.6391424227253149,1.0065491175655128,-1.2059398163019441,3.3675173580625444,-0.9590818902439853,-3.7658101105085797,-4.061942530426009,-0.9880922992303907,3.962073623143622,-1.4658242124843979,-0.21904023396014527,1.9105431550378198,-2.946084132288157,-1.2292051716295072,-1.8393313731338214,-0.27870278390347636,-0.5137523780018465,-1.0507115692287126,1.7399496064605224,-1.1933955754498649,1.4319919825897187,-1.3058513887611032,1.9958155324870257,1.0644578793538861,2.999647570474802,-2.232153821508362,-2.84698961732913
numHidden 	5
numGenes 	48
minGene 	-3.0
maxGene 	3.0
popSize 	200
maxEvaluations 	20000
mutateRate 	0.16
mutateChange 	0.2
seed 	1585671152004
random 	java.util.Random@5e265ba4
neuralNetworkClass 	class coursework.ExampleEvolutionaryAlgorithm
Training Set Training
Fitness 0.1250707459588412