-1.972779473773847,-0.4884368841137797,-2.2735700514168085,-1.3003251488349168,0.6985333728486033,1.0181389462507213,-2.7961085881848358,-1.293670870560569,-0.2928716118598951,-2.1474443111571038,2.1642522485186153,-0.7149835369067387,0.12664753055142172,3.2920978124667397,-1.868611961545114,2.7468680421044342,1.2215691993907938,-1.9029045005329248,-0.6438080273522009,-2.1282723997799056,0.048021622013590476,0.40332009212850284,0.875033056900452,2.1230392191043874,-0.04447371219659582,1.0939074953572425,-1.9885283474306488,-1.4539330053102666,1.2656367226107816,0.9958178736956703,-2.5342471013844006,-1.3073060139954558,1.287420099045463,-1.6358023251142195,-1.0356690758703422,2.8281609211439203,0.2012161099350028,0.6238697766944092,-1.443088423987357,2.574713151919512,1.6010891807867416,-1.969461773750893,2.3512357912703634,-0.5657689168365978,-1.1671226301288604,0.6951508831398501,2.166060005657159,2.6065350364693742
numHidden 	5
numGenes 	48
minGene 	-3.0
maxGene 	3.0
popSize 	200
maxEvaluations 	20000
mutateRate 	0.16
mutateChange 	0.1
seed 	1585665046230
random 	java.util.Random@5e265ba4
neuralNetworkClass 	class coursework.ExampleEvolutionaryAlgorithm
Training Set Training
Fitness 0.1260103334636943