-2.2750093062074073,0.7406841121384388,-0.22704390428199292,-0.02662889796046422,0.2420709267853349,-0.5338693617792891,-1.1386136517032266,-1.790913546368244,-0.6520499919101705,1.2955930434947978,-2.3603990181850265,-0.916320432934845,-1.7144216743538019,2.1435295630510756,0.13845161577161172,-0.15902412154125792,-3.262860480431246,0.181943208860433,-3.2721470607468754,-1.8591532632299752,2.241987766963852,0.368325085396244,-2.3896691659728777,1.4902645335923506,-0.6167518153566293,2.4595422355457512,-1.942676387519449,2.8116881113172654,-1.6404786336439505,-2.16807808898842,1.0583910790711033,1.4086777266834574,-2.4250649184411137,0.6914549223968137,-0.060969754407185134,-0.9289371386980368,-0.36492329049874417,-1.640785561616387,-2.7741535112125435,-0.718094952791243,1.4281403443533884,-2.9442440605154996,-0.7016241176270961,-1.7540787301968852,-0.30007813396448524,0.9844386457196171,1.1648963080477026,1.1539573993696872
numHidden 	5
numGenes 	48
minGene 	-3.0
maxGene 	3.0
popSize 	200
maxEvaluations 	20000
mutateRate 	0.12
mutateChange 	0.1
seed 	1585662926543
random 	java.util.Random@5e265ba4
neuralNetworkClass 	class coursework.ExampleEvolutionaryAlgorithm
Training Set Training
Fitness 0.12597413123134593