-2.0393721252959054,-4.119157402560939,-1.4466149070658516,-0.9436995398627808,2.795564127871179,-0.24695267332723292,1.0101033580538807,-3.9654888132258357,1.2740482903112405,-2.8267769392790503,-2.491088810088012,-0.8788562415692198,0.7201496337431026,2.6895166031047317,1.18188877584215,-1.8786382962708013,-0.4227241591559725,-4.01726338785419,2.4600973479318955,-0.4665360109487433,-1.4383593267393815,0.23567369603508537,1.434088594211064,0.4344429033858743,2.797611637884878,0.20803663850036314,-0.5638678080823771,-0.5115136019905622,-2.1464246942251917,-1.5570277049106656,-3.960835373537594,1.272946687892322,0.8215704867843296,-3.1348849426858036,1.485829452205369,2.0440264258785144,-0.25395096951086504,-2.1983975310861408,-4.683167611056042,-0.32032936746796414,-0.4432694790535836,2.416470309630591,0.4111993438637356,-1.4101127624620506,-1.8023693378055388,-0.8046678843795974,0.5318787144291024,-1.1250474538360642
numHidden 	5
numGenes 	48
minGene 	-3.0
maxGene 	3.0
popSize 	200
maxEvaluations 	20000
mutateRate 	0.25
mutateChange 	0.25
seed 	1585236646420
random 	java.util.Random@5e265ba4
neuralNetworkClass 	class coursework.ExampleEvolutionaryAlgorithm
Training Set Training
Fitness 0.03395176824398622