0.04959855945943531,2.2384466766852618,-1.7531680691162823,0.7743219127695442,0.35695768016900753,1.2304213927567904,-1.2844012661253985,0.024193481830421304,-2.5053685341695227,2.966818553411711,0.3452687938874629,2.567204412504808,-4.085108178454428,1.8906780512187464,1.0425084227754589,-2.8824678066727563,-1.0693020724529567,-2.0969637634165497,-0.6191365583459514,4.811495049588026,1.630334046777869,-1.803883589935888,-0.270094714232779,-0.09376079128642106,0.1030550907027579,1.7250651463067843,3.856389541314836,-0.055667376266122115,0.8566374641908928,0.40606241863907566,-0.7867131259679361,1.6429938468857737,2.6370282582613855,0.9048080513571132,1.4305856225254932,-3.288394550882553,-3.1229197744127064,2.8930567595526733,-1.392678255539366,0.7335845464610906,-1.3943367391027586,-0.5979513106828104,-2.222670531531748,-1.581397279931421,4.140230640472949,-0.45964976798649126,-1.368240122783594,-0.7114270667380724
numHidden 	5
numGenes 	48
minGene 	-3.0
maxGene 	3.0
popSize 	200
maxEvaluations 	20000
mutateRate 	0.25
mutateChange 	0.15
seed 	1585673449751
random 	java.util.Random@5e265ba4
neuralNetworkClass 	class coursework.ExampleEvolutionaryAlgorithm
Training Set Training
Fitness 0.013653649833521853