1.66013332158684,1.7108042546542972,-2.161597973810526,-2.2474910053602115,-2.108972538024753,2.663344498638069,0.7696540282445993,-2.7603809777204966,-0.15135077716401532,-2.9444934284907123,-2.443054871882044,0.6796518208662509,0.44774956955022827,1.579403942012449,-0.14233435168901531,-0.042646176642106154,0.7231578998998455,-0.5165526902574321,-0.8359200193373972,1.3054813624821138,-1.9767789763256005,0.11277331694334464,0.5734109780230178,-0.7925593133173722,-1.0307485997919088,-1.2359665655712824,-2.9776334325082887,2.533957174981625,-0.8956872693767479,-2.9773092190865715,-0.08919936779560214,-1.7745191212940536,1.529278197000297,-1.0150351384759373,-2.192435469888277,-1.890230496297339,-1.2137899361086988,1.5880420348442499,-1.812539791739244,-1.190676478365574,0.298714256396148,1.9811585089190071,-0.5084287960353994,1.546084481847441,-0.48396319865674753,1.2666437815193687,3.1341002070792867,1.4910380242619223
numHidden 	5
numGenes 	48
minGene 	-3.0
maxGene 	3.0
popSize 	200
maxEvaluations 	20000
mutateRate 	0.04
mutateChange 	0.1
seed 	1585238348884
random 	java.util.Random@5e265ba4
neuralNetworkClass 	class coursework.ExampleEvolutionaryAlgorithm
Training Set Training
Fitness 0.12790996764135487