-1.4513587981391427,3.3982957071010595,-0.4788301037965107,0.4674174348241512,1.9020327285698624,1.6997965135292188,1.1158364606017424,1.1553359142941706,-0.415818306478537,2.3779638122655515,2.4713838952682936,2.83491860536351,1.104356631931597,0.21312445744568506,-0.14922747718885798,-1.462572137666335,-1.9282999496204678,-0.3189238195152374,-3.2908153921526186,2.5110982906181807,2.5018585115030816,1.9482535911862278,-2.162431064899087,1.7897380187631984,0.9648556960701362,3.278422343052313,1.8273269575176283,0.10935077565456464,-2.3922589073811884,-2.4844144709242113,2.5418254731763086,1.9130494448422577,-1.0257822126815084,2.9183360559204328,2.587836819181848,3.1638289475426253,-1.230372324728449,1.0689302257302407,2.8249315154462966,1.3015637341719364,-1.6166597079065275,-0.4340874170760669,-2.6667291470319086,-0.8651098409883085,0.681767302241143,-1.6678388884398387,0.28016738465500945,-1.6495659160074092
numHidden 	5
numGenes 	48
minGene 	-3.0
maxGene 	3.0
popSize 	200
maxEvaluations 	20000
mutateRate 	0.04
mutateChange 	0.1
seed 	1585237678001
random 	java.util.Random@5e265ba4
neuralNetworkClass 	class coursework.ExampleEvolutionaryAlgorithm
Training Set Training
Fitness 0.150306449097067