-2.3325084037157615,2.814854797914094,-1.0633383933915983,-1.7044788214507163,1.4923545074098565,-0.9261987105332831,0.42330226585694386,-0.999860610284269,0.6544607689664509,3.0967209887684524,-2.718132307804148,2.3985302218212574,-0.48382700300513215,0.6177051102469774,0.027444537713889716,-0.5282141030995107,-1.4216574172545335,0.674306465752405,-2.3871407036089183,3.0716431474059678,1.4347229206012186,0.6961618068702805,1.6331762113617634,2.9342858704683437,-1.1671628868367225,-0.41031174661213377,2.966160102174718,0.9357002593633865,0.26779753683885654,0.04525640853387608,-1.7851500712570274,1.6280689278662557,0.49925475529201646,2.4287928288072775,2.1008185111793347,-2.2490073318738784,1.182817907527356,-0.8071936168890834,1.2766106001114947,-2.0968763856543005,-1.2540351269212673,-0.09761416439838114,2.0332742158255175,0.3390886072369611,2.4146315096671467,0.7697580826739094,0.023823482280810104,0.8233811171085409
numHidden 	5
numGenes 	48
minGene 	-3.0
maxGene 	3.0
popSize 	200
maxEvaluations 	20000
mutateRate 	0.25
mutateChange 	0.15
seed 	1585673366209
random 	java.util.Random@5e265ba4
neuralNetworkClass 	class coursework.ExampleEvolutionaryAlgorithm
Training Set Training
Fitness 0.05099672100073784