-3.0538269921587626,-2.611994102773674,2.785321719311937,-0.6017047824701105,-1.860169742794009,2.4564501808786305,2.312824410113635,2.7869046053895414,0.45823161791903355,-0.9787014142181873,-4.279862506504548,1.317856201768703,0.4384189216741998,-0.3855277861222459,1.6003943603353727,-2.0620169667987946,3.1362894347533326,2.3862065017532195,-1.2443248883505786,-2.1801167976758804,2.2851592574325204,-1.197059816956457,1.195636791466923,-0.9654345936078125,-1.9797168231868367,-0.5827638997956103,-0.6991533202849052,0.261622132839299,-1.6828793844776642,0.8714884631900536,3.328885134440236,1.9773993076225413,-2.8139396194478885,0.6639702907779897,1.0549524508936574,2.7971725109245162,0.7987377012488335,-2.0899309390536245,2.5898873716093345,-3.0796080323883,-0.20899854601908127,2.073356801727499,-0.0928217701929138,-0.7613968723708807,-2.604992510272879,-1.479562480500528,0.736715784444776,3.313695089102516
numHidden 	5
numGenes 	48
minGene 	-3.0
maxGene 	3.0
popSize 	200
maxEvaluations 	20000
mutateRate 	0.16
mutateChange 	0.1
seed 	1585665692133
random 	java.util.Random@5e265ba4
neuralNetworkClass 	class coursework.ExampleEvolutionaryAlgorithm
Training Set Training
Fitness 0.09758747247816696