-0.8646168012406834,-5.107297771613216,1.7057496927944946,-0.3276299212237497,0.1480056632001432,-0.6719501904416076,-2.256020319837318,-1.711682720667219,-2.6456424914552956,-3.685432770655346,-0.3601566322071874,-2.419247613319617,4.430491940962821,0.7640197421293098,-0.7966253948691793,-1.5610433134597823,-3.686765930831035,1.9908720352558253,-3.234310960453591,-1.2545781676945742,-3.388474205415837,-1.1508691788581862,-2.4591316723270324,1.896993565295901,-0.7452891714757279,-0.714158675684633,-0.4307618623387852,2.765781153348575,0.44020232616788757,2.0007139256831117,-0.001305279921689717,-2.1895223004244393,-2.3219199661519196,-3.8269965858359316,4.840495222060802,0.13026783434150424,0.07977312595531938,-2.574257369057775,0.27928134455402365,1.0562319313212307,0.3250932626787728,-3.65607711639458,-2.252026386104225,1.3653908878042822,-1.033507219620359,-1.3028065483580717,1.7965219124922998,0.5762031972079207
numHidden 	5
numGenes 	48
minGene 	-3.0
maxGene 	3.0
popSize 	200
maxEvaluations 	20000
mutateRate 	0.25
mutateChange 	0.25
seed 	1585241364236
random 	java.util.Random@5e265ba4
neuralNetworkClass 	class coursework.ExampleEvolutionaryAlgorithm
Training Set Training
Fitness 0.013830010902435564