-0.8693517016187418,0.7085411090853779,-0.20712887727217755,-2.17125906473757,0.8777736804029646,2.1138354221398954,-1.873798264591163,-2.644053959411246,-2.654105757215212,2.208252915882002,0.10448360526777645,-2.5564491229858226,-2.4010891490162534,-4.333652626424624,-0.4755491569355734,-0.9492510435982424,0.4842206818368542,-3.9717243514296814,2.0183964155443936,2.8103970914029324,-2.7714959701648256,3.096487158825271,0.35693919257705087,1.0292846317308086,1.7799158977758367,3.0007995941475745,1.501705568721888,0.2096637841827449,-0.6885844606603291,-1.3023302275734732,-0.21347342601878339,0.563903797673055,2.649578736642262,-1.6215483174809187,-1.9508897047543474,-0.7031335101174827,-0.3196566308800719,1.6579172914887286,-1.0839902188314012,-4.8291650338290495,1.507752529912203,0.7483036959047618,1.2620659849289022,-1.2044403540069446,1.3038645319000155,-0.15436931965133782,0.12136406918495313,-0.29877519209724523
numHidden 	5
numGenes 	48
minGene 	-3.0
maxGene 	3.0
popSize 	200
maxEvaluations 	20000
mutateRate 	0.16
mutateChange 	0.25
seed 	1585672209508
random 	java.util.Random@5e265ba4
neuralNetworkClass 	class coursework.ExampleEvolutionaryAlgorithm
Training Set Training
Fitness 0.0064173434624476885