1.050764318010307,-0.5884732362104645,-2.046557606151155,-1.8972987955706726,2.7825349317926404,2.558891608891379,-1.9910314797407276,1.5662654882068576,-0.04679693795816142,3.7702885122852914,-1.02128928671738,0.07501625168275261,-3.294974612599937,-0.31339271778674416,1.400640002311706,1.6065551411707544,-2.4719363160313033,-1.793018837789777,1.7354699707363288,1.542251558553164,-3.066780238320682,2.239725425473008,-2.441478981331983,2.449817634402561,0.4276590836022882,2.160995994336232,-0.6366425630509269,1.4289893685680237,-0.8597319648614166,-0.2150051754369544,-2.8927831606919225,-1.0421025449144437,2.5625729746208075,1.048592836246799,0.29721801366566325,-2.57663284873606,1.487381189946638,2.336799591916603,-1.859119176713219,3.692773348011479,1.544352794380678,2.744541955469024,1.835776865629004,-2.2778961598190826,1.6967212456077125,-0.3524540097351503,-0.08466845340768892,-0.4031823863051258
numHidden 	5
numGenes 	48
minGene 	-3.0
maxGene 	3.0
popSize 	200
maxEvaluations 	20000
mutateRate 	0.25
mutateChange 	0.25
seed 	1585241475762
random 	java.util.Random@5e265ba4
neuralNetworkClass 	class coursework.ExampleEvolutionaryAlgorithm
Training Set Training
Fitness 0.02128799603020332