1.1284527209499196,-0.38550529046403026,1.6062363509050859,-3.0718740317173565,-1.4447820620084977,0.2614959746121011,1.6666953641545552,2.607455614380379,0.6579974705147442,-0.3603185553857928,-1.0864919335172436,-1.3589248915783307,2.1540768792854275,1.5966340670040178,-2.3694757162596427,1.510548074298323,2.992995263816169,-1.7273114880643599,-0.5948302088854854,2.7792035326131437,-0.5386575175241427,1.4130331941953105,-3.2955595385341896,0.23899344974554146,-1.2177965025120299,2.2095615083575915,0.3337906041347851,-2.0246990822097195,1.9555720818586186,-2.169580247789424,1.307080331367835,-0.8995784365733192,2.00910963743279,0.41512021337965777,0.7475382778298051,0.4451070576560584,-0.8108346428365814,0.17050920967466407,1.468996765754932,-1.1262617868188167,1.520027258906064,2.797804276614749,-0.24655061199869605,0.0023604521933262568,2.2949143310434663,3.0133326193039367,-0.8547168602457982,-1.3500080251272562
numHidden 	5
numGenes 	48
minGene 	-3.0
maxGene 	3.0
popSize 	200
maxEvaluations 	20000
mutateRate 	0.16
mutateChange 	0.1
seed 	1585664959523
random 	java.util.Random@5e265ba4
neuralNetworkClass 	class coursework.ExampleEvolutionaryAlgorithm
Training Set Training
Fitness 0.10255278936614926