3.7477967452990217,-3.7097965002347353,0.7198880452947147,-2.8647652960295615,-1.4518636007251584,-1.7546222328701102,-3.5065485260557616,3.607282069719112,0.3277613085984781,2.1261712346189032,1.3636441791654246,1.6443166141562449,0.0181285476143489,0.3328414412170053,-0.8844186709814132,-0.6881905716019512,2.6301954820947184,5.621791824785393,-1.3167860454539078,3.122800551145975,-0.9708016615868669,-2.4839705952001,1.6437032565980214,2.42145499006155,-1.5153331436545363,1.2199081778645313,3.6334853553786832,-0.9295662676394203,0.6396582048335855,1.0000116519238063,2.0243439668677716,-2.6907933185645163,-0.4587644186614672,-1.9610520887937652,0.1646050691966554,2.414107832460955,3.0597716094159715,-2.2487426769399383,4.144867131859213,1.7420992263212511,-0.35230445673467115,-0.02945302072755407,-1.360527718121506,0.1288897720125144,1.1988550818714314,-2.225603287506473,0.6542270962334475,-0.3117807073087082
numHidden 	5
numGenes 	48
minGene 	-3.0
maxGene 	3.0
popSize 	200
maxEvaluations 	20000
mutateRate 	0.25
mutateChange 	0.25
seed 	1585237071283
random 	java.util.Random@5e265ba4
neuralNetworkClass 	class coursework.ExampleEvolutionaryAlgorithm
Training Set Training
Fitness 0.0146817579912928