-1.0939709358772705,-1.3355993674969222,3.8437105175670085,-1.998722559099911,2.074490981524031,-0.1219660227410172,1.25464349332141,-1.1170976804631996,-4.168786853455776,2.3717261893789123,1.7595579538722705,2.1452436434919298,4.425568695008217,-0.09100595891537983,2.672650048846033,1.8361996490100794,2.8707341315881103,-0.7421504412826088,-2.210644045006258,-2.1092252248436187,-0.16842321140040328,-2.3619424368738318,1.9514642393372743,2.379704563556399,2.6348474702161964,1.7069278242287864,-3.3901577249155332,0.20117573900404218,0.5275899594476393,1.8485246256793502,2.990967056209138,-1.8907676904856208,0.8046088102245492,-0.1020316799470623,-4.0128805723031915,-1.8919939900324765,4.258251261426573,1.0368053228664136,-3.0587235144938356,0.41395683479773354,-1.2263129278643712,-3.762784366813614,-1.7135946018249308,1.3988546164613984,-1.5997130885330375,-1.6878723649231087,1.1250351412420343,-0.8257187596923852
numHidden 	5
numGenes 	48
minGene 	-3.0
maxGene 	3.0
popSize 	200
maxEvaluations 	20000
mutateRate 	0.3
mutateChange 	0.2
seed 	1585234708101
random 	java.util.Random@5e265ba4
neuralNetworkClass 	class coursework.ExampleEvolutionaryAlgorithm
Training Set Training
Fitness 0.10335609820576336