-2.196180196202792,-0.43305217549908476,1.926736559955175,1.7814465838535098,1.7916644669022541,-0.7680189815788514,-1.7297847269562083,3.4969515103599353,-0.5209527815662423,-4.2016769892653025,-0.966338089894164,-2.05491845447136,-2.1099319750032746,0.7008489342470607,0.427840445158059,-1.9647950070119646,-3.3216256967122875,-2.120098621420606,-0.04918913757033855,-0.956345127707203,-0.26393498311466657,-0.7671754904520103,-2.5487777521575836,-0.1860197671947571,3.3906416206021017,0.4159096622086402,-3.1614650755719564,-2.3755500368161986,0.22642308336624217,0.038928115954517895,-3.9626717449949713,-0.057088134791882184,-1.8898044270572736,-0.6528399862852423,-2.880041714285789,-0.11440170367519742,-0.36826941312037426,0.7260642700830175,1.7764413939043258,-0.8195497446496325,-4.711838712851706,-0.808532896934796,1.7925458939361731,0.007018874147094067,-3.852928723340068,0.6433831371887118,-1.7933141594735,2.0439871394340967
numHidden 	5
numGenes 	48
minGene 	-3.0
maxGene 	3.0
popSize 	200
maxEvaluations 	20000
mutateRate 	0.25
mutateChange 	0.2
seed 	1585675990832
random 	java.util.Random@5e265ba4
neuralNetworkClass 	class coursework.ExampleEvolutionaryAlgorithm
Training Set Training
Fitness 0.02121414766997388