-3.388184360832605,-1.1478564674459326,-1.4089019254954727,-1.2368921433175304,0.6535600439683432,1.7484778013399,-1.0398798176375732,2.550732431529827,-0.893560030173628,-3.2353569519825562,-1.8211752071353298,-0.8908298536028729,-4.111126474647216,3.2741539444644605,-2.0605416432888477,1.3770864607113413,0.8740872915797637,-1.253938509631345,-2.3985250021791047,-0.15440138713546736,-1.5065971935589038,2.9304892796779303,3.271604605984632,0.9659030585480015,3.2921440260405523,-3.624721972603788,1.48597384075491,0.22528770962218725,0.12325855583918344,0.05248526771025358,1.0565217675900003,-2.129143081012836,-1.4975790499572397,-0.26596556439994257,2.201376672086644,0.5896038472145528,1.4245574150659672,-0.7461444143454832,-3.0262173011631415,1.0202554241856798,0.6554013098628582,-0.0705959547851907,-0.3634177183345319,-1.6233860976518932,-2.4371361869969816,2.388495235327955,1.9991893226296356,-0.09608268502268302
numHidden 	5
numGenes 	48
minGene 	-3.0
maxGene 	3.0
popSize 	200
maxEvaluations 	20000
mutateRate 	0.25
mutateChange 	0.2
seed 	1585675232209
random 	java.util.Random@5e265ba4
neuralNetworkClass 	class coursework.ExampleEvolutionaryAlgorithm
Training Set Training
Fitness 0.14688944281497326