-4.194937671192974,-0.4130230023780119,0.23246333887329929,1.136316213460188,2.6067386068064584,0.9223866707428536,-3.0852365576266227,-0.3284644614830219,-0.9224065837539723,-0.1643113424285083,-2.662290247310481,-1.034701994912047,3.3073597193828093,-3.0367363608017452,0.1277150794956441,0.728462322600417,-3.2563862093322875,-0.85467569731422,-0.5448576090920074,3.662446666602067,-1.4304652580419301,0.029708380664981604,2.7678752482983215,-0.20034593892413,1.31268037311769,0.3337354793557896,0.5151516305043033,-0.8552466708487991,-1.5159661522460155,-2.970308215678343,-2.4103737061914856,-1.1029710884040194,0.7633751002638745,0.7331789135951281,3.651176467745608,-4.233568776772157,-0.5986759912632555,-0.7252661489844332,-1.3809906246355936,-3.6841124401935215,-1.6497965656983542,0.07379907853638468,0.6791795917373298,2.8698477421830484,-1.0848366832330365,-2.98970265578688,0.9026696921004982,-0.4260326098775129
numHidden 	5
numGenes 	48
minGene 	-3.0
maxGene 	3.0
popSize 	200
maxEvaluations 	20000
mutateRate 	0.25
mutateChange 	0.25
seed 	1585236850095
random 	java.util.Random@5e265ba4
neuralNetworkClass 	class coursework.ExampleEvolutionaryAlgorithm
Training Set Training
Fitness 0.03389921027198893