1.3039780154430378,2.650639728088345,-0.4743053517891731,-1.9865844908760062,0.2218829777162723,-1.8975679618617076,-0.8530070933374656,2.9393032452480803,-0.7148035749266963,1.3172864591638378,2.103519388482672,1.4733428128493689,-0.487608795568395,-3.7311883145870484,0.29624832493347775,1.9572695128600968,-1.7343478669258698,2.465457145283497,0.8366072308570978,-2.5814509059796027,-0.24155200960847178,-1.5030834101693873,-0.6055088838834677,-1.1038827027382125,-1.3458874850720024,-0.3041649903834833,-2.4628791723194987,-1.2078945942278945,0.8910780232441908,-0.8021750076264267,2.2396229828503538,-0.2315057139919654,-0.5484392466916548,-1.0057422568310241,2.219998632537317,0.25034725175990324,2.960319079317041,-0.5918677354730155,1.0052940614825463,-1.7048062904510104,2.7536346217843928,1.287227554244999,-1.8710164880484357,-1.7707446885678388,0.9184477744176567,2.2388409924406654,0.5669919623869588,0.7433037707739798
numHidden 	5
numGenes 	48
minGene 	-3.0
maxGene 	3.0
popSize 	200
maxEvaluations 	20000
mutateRate 	0.16
mutateChange 	0.25
seed 	1585774051522
random 	java.util.Random@5e265ba4
neuralNetworkClass 	class coursework.ExampleEvolutionaryAlgorithm
Training Set Training
Fitness 0.047867179941613776