3.4688326524398905,2.2394867873539535,-1.4167487339786575,0.7037648899963649,-1.1443969091832618,2.277079281652071,0.7046223625903744,2.455467084800046,-2.209744752970913,0.895384786987379,-0.8605596447026007,1.8482704034526654,0.7902906832923539,0.09575435080107136,-1.372992455005692,0.25004757978184244,-0.027891413943294835,-2.8424835390298586,-2.8604520668940467,0.6430937606722054,1.3722889866430572,-0.5164441981378556,2.4748399380594317,1.8172072335774874,1.4329110151666096,-2.501757706300153,3.560193702680693,-0.20812923193273528,-0.058481465453249226,-1.1191986671707157,1.811312204120513,-1.8917540128861887,-0.2809197585484556,0.4043304621637007,2.1360658469519413,-2.2874520528811573,1.8395261868028592,-3.474726332826673,0.0071903989784116995,0.4207311812687281,-1.5578235917228707,-2.669726800229261,2.4494038430388034,2.9102741461103863,1.9636112327741864,2.8969322472568853,1.8954222611703493,2.6282120418849626
numHidden 	5
numGenes 	48
minGene 	-3.0
maxGene 	3.0
popSize 	200
maxEvaluations 	20000
mutateRate 	0.25
mutateChange 	0.1
seed 	1585667722258
random 	java.util.Random@5e265ba4
neuralNetworkClass 	class coursework.ExampleEvolutionaryAlgorithm
Training Set Training
Fitness 0.10085323952367581