2.02665119763674,-2.0655195325640463,-3.131407912994642,-2.1875299555824355,-0.05429918361664399,5.098150397986225,2.282500158888589,0.714846228315698,0.3596979472484598,1.2985111504859779,0.4152723460711689,-0.029415370942817987,-0.35928362453480034,2.5210661069757068,-1.077101372457041,0.7194613318221297,1.6762433916078265,3.1447382027935324,-1.6030610267749865,1.025061292230637,-1.9091463233948245,-3.171535536344415,-3.7362019075764636,1.3151256649100338,4.894418250775327,-0.887360327862369,0.5078418982584001,-1.6365012737014295,0.49746137012208713,-2.0314967001977635,-1.5880998253607217,-1.1456125667602373,4.087010489788222,-0.9343287314416839,0.9051818183737574,2.950502048064724,-2.653476517534319,1.2526258823902277,1.1926126947605304,-0.3949927033882954,0.4312082677560012,0.9070832953643375,3.611093915128145,1.6130734130631907,-1.2747164836163498,-0.08722807751485107,1.3671578810642284,0.09217337645197521
numHidden 	5
numGenes 	48
minGene 	-3.0
maxGene 	3.0
popSize 	200
maxEvaluations 	20000
mutateRate 	0.25
mutateChange 	0.25
seed 	1585608951442
random 	java.util.Random@5e265ba4
neuralNetworkClass 	class coursework.ExampleEvolutionaryAlgorithm
Training Set Training
Fitness 0.06242672276214426