-0.7239912177870202,-1.7918792313946996,1.2939176585383114,1.6259725765406703,-0.2312719492631441,0.677287944011721,-0.09048890565717471,2.713876617708867,-1.396202256864059,2.250596397861788,-0.26255060291784593,-2.059717524854615,0.6831383297442435,2.706368515606009,1.0977695537377787,1.0147571172799488,-1.3656865249826868,2.6180557592811464,-3.93274426905748,-0.6038241500771961,-2.708146591271989,-1.041938331917647,-0.45693252838419074,0.2392488828753847,-0.18343684217623668,1.4271181394401404,0.15648029550184717,-0.6131161049534519,0.46642327712302745,3.7821044504962202,-1.9662542232214495,-2.561891818820727,1.4838693598043626,-2.1917584350576558,1.821003765065008,-3.236928524595335,1.7029012173172244,-0.8578535894942441,3.497598172476029,-1.6340533911171669,-2.694348912106747,-1.3497267675293632,2.797073079899265,2.963344330518961,0.4217077975304093,-0.4971824358567738,-0.4624558588626577,1.050152496902856
numHidden 	5
numGenes 	48
minGene 	-3.0
maxGene 	3.0
popSize 	200
maxEvaluations 	20000
mutateRate 	0.16
mutateChange 	0.25
seed 	1585672096025
random 	java.util.Random@5e265ba4
neuralNetworkClass 	class coursework.ExampleEvolutionaryAlgorithm
Training Set Training
Fitness 0.01711056385915931