0.9731725256376986,1.8482557547146925,1.9557996433901303,-0.5879201306817565,-1.46703903371559,-2.074668177241855,-0.4277468978114758,1.698451089602072,-2.0577116457343565,-0.4306381089345086,-0.4773637723047228,-2.975534952677298,3.216656079084453,-0.19952785209169033,0.778903294671422,-0.26160286425402557,-0.42471039851372083,1.4760931098792152,-2.0190261371168825,-0.9821613594043255,0.9239526657944443,-2.5935330330936823,-1.0542554576104335,2.1456271659778254,0.3741996341156888,1.4905740083488244,0.20364034270009368,-0.08964130848593577,-0.31599134173425014,2.62523084535625,-2.054219465063417,-1.9003404653206557,-2.4191916223862098,1.867338304243276,-0.4364197494975246,0.6268101931825143,1.692250660841811,-2.9057399218060223,1.1870165108344644,1.239806171692341,-1.617193386836793,-2.064490295825566,1.9590793651098046,-0.9431113821491044,2.0707464625340366,1.1483489508484226,2.6336075166530994,1.4237380020908565
numHidden 	5
numGenes 	48
minGene 	-3.0
maxGene 	3.0
popSize 	200
maxEvaluations 	20000
mutateRate 	0.25
mutateChange 	0.25
seed 	1585241265694
random 	java.util.Random@5e265ba4
neuralNetworkClass 	class coursework.ExampleEvolutionaryAlgorithm
Training Set Training
Fitness 0.03428336917571377