-0.11318500618836227,0.2547780190311153,2.8795754741533814,-1.3608470738019975,-2.545717942263022,-1.3611617235873834,-2.244939207133766,-0.15474720483192425,2.153103642804246,-0.4744835946088256,-1.5172285017493716,-0.2688963119910415,0.029345359382677044,2.108633148811437,-0.23018379138680042,2.9531911485750224,2.0870713281696665,1.1280226789451278,0.9048733854130125,2.263786005937136,-1.698574386393642,0.48093576076093913,0.48828967754447516,-2.2958757039536555,0.7034977667353942,1.326192937846221,-1.2505415833542861,2.543201775313241,0.6239740571539327,-0.7574784416337952,-1.5866806316194895,2.5244610517222745,0.6962205718271337,-1.0045799607977797,0.3319936506451743,2.7476029290131807,2.2937234187652504,0.8335449248141436,0.44174901145278067,0.023049785511704363,0.9849576084939953,3.32937747405167,0.9563512292778513,-2.164729902026716,-2.0809653882294143,0.8560171537252141,2.3469107980361192,-0.9416450432064873
numHidden 	5
numGenes 	48
minGene 	-3.0
maxGene 	3.0
popSize 	200
maxEvaluations 	20000
mutateRate 	0.04
mutateChange 	0.1
seed 	1585239438414
random 	java.util.Random@5e265ba4
neuralNetworkClass 	class coursework.ExampleEvolutionaryAlgorithm
Training Set Training
Fitness 0.1482803790607294