2.398314131440736,-1.5278738135086547,-2.3006528316663193,0.12800314396041104,-2.181936832024041,-1.862206078034557,2.6672438270383174,-2.9980054885134786,-0.1408321910205135,0.44615684820639645,0.7095330889340756,1.2553322861862926,-0.8070276580609126,0.26670868363306754,-3.152845198193996,-0.5397365528276474,-0.8491301687348296,-2.781723158956279,-1.723172402605335,-2.7773633413665695,-0.07536598960924881,-0.4216793011399661,-0.6753453739403245,-2.984703987378674,-2.810799387919203,-0.47885438322961293,-2.037665580854228,0.35354715209988863,1.6410023214366052,-1.7453983127282264,3.4343516016407505,-1.1640308069950187,-0.3601189895485434,-0.5083679664227747,2.1581990854362556,-0.3405971620519366,-0.4749753630307938,0.6473311743583868,-2.43915116007371,-0.06001643401684126,-0.5047022727838112,0.9439729742956712,-0.29663430297730065,-0.7673578586535708,1.6017551402303476,0.9357633702956484,0.3717259972250486,0.7895367130278222
numHidden 	5
numGenes 	48
minGene 	-3.0
maxGene 	3.0
popSize 	200
maxEvaluations 	20000
mutateRate 	0.16
mutateChange 	0.15
seed 	1585669322341
random 	java.util.Random@5e265ba4
neuralNetworkClass 	class coursework.ExampleEvolutionaryAlgorithm
Training Set Training
Fitness 0.01563673695333705