-1.0763109995037854,-2.1763406051404774,1.3249429647290119,-0.12687324939251532,0.766816258968321,2.8362790538505758,1.9345703624543131,1.3727340778925097,-4.626337982392488,3.2558569224158056,-2.1768941104794766,0.8377492511185265,-2.507073596002555,0.06859010494113726,1.5009572658734847,-1.5040711888805713,-2.5530567431038613,-2.517791360780904,-3.617964291479298,-0.5381415647080889,3.289923690523434,4.020159499417903,-0.8387103446715893,2.2409423233297794,-1.1859329732368078,1.6839201286630754,1.754920692784962,2.028784927657977,0.27799179382948624,2.5945129949029546,2.5595670957429713,-0.19018823182297684,-0.14501837493289083,-2.8057877892566854,1.6285380221992076,2.147645094073331,3.1090925289619964,3.196861614330154,-1.1075200842703667,-2.6140767952968815,1.555211974989021,-2.479860851759119,-2.981347881639228,2.9919259194526147,-1.9552921850991818,2.9155264437916095,2.907284842520319,-0.5234623714030606
numHidden 	5
numGenes 	48
minGene 	-3.0
maxGene 	3.0
popSize 	200
maxEvaluations 	20000
mutateRate 	0.25
mutateChange 	0.25
seed 	1585606630883
random 	java.util.Random@5e265ba4
neuralNetworkClass 	class coursework.ExampleEvolutionaryAlgorithm
Training Set Training
Fitness 0.12340120648058955