-3.1707971255200977,-2.3074284400650056,-2.5027954797685905,0.0610463997292392,-0.3264342319492046,2.3976539406034165,-1.1090003167533224,-2.5746050830332923,-2.242487659398252,-1.8325782040011762,-3.0355203887708786,1.2424333524161613,-2.185731417013464,-1.6905114325917192,-0.7385346550077805,0.08224344946483608,-0.9681114895473879,-3.542876691140189,-1.0630314913708094,2.605958322330208,-0.698578581186069,-0.9432931888633054,-0.29814230357846494,-1.2696663764835732,3.6742275337166994,-0.25922497038532044,-1.3912723478848017,0.08998571994039573,-1.1493504286843805,0.5118820662628538,0.9220686748240139,1.9168636787561981,3.348414977653425,-2.5894381086934715,3.61076567716602,-1.3266795455099967,-3.4871812663811568,2.2762138774702265,-1.0166293424978352,1.9294453625770478,-1.518094791974169,1.332785367458448,1.9065189806627334,1.317115257209374,-0.6414574228797933,-2.1083306398405517,1.404279478409773,0.9225207209410731
numHidden 	5
numGenes 	48
minGene 	-3.0
maxGene 	3.0
popSize 	200
maxEvaluations 	20000
mutateRate 	0.25
mutateChange 	0.25
seed 	1585613036041
random 	java.util.Random@5e265ba4
neuralNetworkClass 	class coursework.ExampleEvolutionaryAlgorithm
Training Set Training
Fitness 0.009681182186821099