0.019865227195120738,-0.15594695922729396,-2.830965645249666,-0.7894904555950029,-2.2494305442713296,2.5182081239838494,-1.424793357773917,2.397192576521821,3.1475926426796965,2.784353816217619,0.31082868533162955,4.136846321364461,-2.3356412798551216,-0.5779823287020456,-1.304345864741789,0.6836071368847376,2.7370022234422597,1.3266515566972394,2.5856024585525397,0.1768834280840963,-1.5391749405878423,-2.858448605671842,-2.686606698574594,3.058380133438579,-1.1623634578297048,-0.4575689135925547,0.7038186914717501,3.645289041640699,2.200603075113839,-2.160614462624964,1.4294579450582576,1.2382425006548892,2.538473702609388,-1.8394149037751761,-0.06836843513022917,2.0859946768308655,0.24377520817351606,2.269154613114055,0.027867604251302858,-0.09035299476409353,2.2998113367046056,3.039298639500446,-0.8388564136854275,-1.4924012285267643,0.5990292278260712,1.529845109099627,2.267649784391627,-1.2817390742276529
numHidden 	5
numGenes 	48
minGene 	-3.0
maxGene 	3.0
popSize 	200
maxEvaluations 	20000
mutateRate 	0.25
mutateChange 	0.25
seed 	1585607886042
random 	java.util.Random@5e265ba4
neuralNetworkClass 	class coursework.ExampleEvolutionaryAlgorithm
Training Set Training
Fitness 0.1263630934014461