0.45196290703383557,-3.568264113518032,-0.3620059151749564,0.7567760004170943,2.6200432692025397,-2.5703891575503564,-1.041996238989797,-1.429396969187028,0.7342799281537227,-2.214580184488459,2.550100773170402,-1.3267554482411668,3.0230621021927755,1.6702793342946078,-1.101368457457598,0.41803856861052413,1.2889180796491422,3.3545888636651906,3.6292105557373313,3.719807466562182,2.054045443245964,-0.5778098154097586,-1.3839423872799181,-2.0172005291594184,1.1475054694508433,1.0183979606879552,-3.3901751323467106,1.136200905556989,2.723278103579755,-1.408684622728403,2.217885521658742,0.22784572544965576,-3.1317038817029026,-1.822358297777206,-1.7922746150300748,-1.9127122859857528,-0.4330012189184993,-3.1865210172164478,2.1802509270011488,1.0674547062999533,1.0838678369068355,2.6174381061801837,2.1735003731462106,-1.6903533489236375,-0.44217055816725104,-1.2523553117771837,2.208415651468652,-1.9003125587118004
numHidden 	5
numGenes 	48
minGene 	-3.0
maxGene 	3.0
popSize 	200
maxEvaluations 	20000
mutateRate 	0.25
mutateChange 	0.25
seed 	1585609631093
random 	java.util.Random@5e265ba4
neuralNetworkClass 	class coursework.ExampleEvolutionaryAlgorithm
Training Set Training
Fitness 0.10655452218623175