0.36500583776034845,3.2593943146445574,-0.9290327109730095,0.7843042427146936,2.5544258160968525,1.4366460271224253,0.09553327932309338,-2.682927267552448,-1.3196516483583052,-1.1457603290405063,1.1391806919938126,-2.017517326676249,-1.3723989391526916,-2.666862992134361,-0.6252758760559145,-0.677787155571721,3.3305198952673463,-1.639596345243632,1.7485871115184906,0.38326728958648004,-0.8651651103113457,0.03852610849568519,-2.363593239427383,-2.068761443041484,-2.5317554597988097,-0.7077560890794846,-0.7250250919459681,-1.9042879117314615,0.970107607317321,0.9215070230763579,-2.58160011737083,-2.130176682051399,2.9349755416778955,0.7403406830678226,-2.3605712872480953,2.855897393672878,-0.8335134003777727,1.7300741077419914,-2.2925924448187387,-2.743476595270578,1.3174398508254863,2.561557764984864,2.2224115341184767,-0.944659396575538,-2.3913361408662817,2.204667855999462,-0.329381121917371,0.9142318831463935
numHidden 	5
numGenes 	48
minGene 	-3.0
maxGene 	3.0
popSize 	200
maxEvaluations 	20000
mutateRate 	0.04
mutateChange 	0.1
seed 	1585611559943
random 	java.util.Random@5e265ba4
neuralNetworkClass 	class coursework.ExampleEvolutionaryAlgorithm
Training Set Training
Fitness 0.1046931281824482