2.672829365663718,-2.7492207683373375,-2.4576378838234536,-1.123880970520705,-1.8928387924289825,3.029610777729248,-1.253003548178934,1.6557258860220996,2.0715456067870974,-2.881755453597981,0.49942953106791954,-1.0402747639715664,-1.6462686621798774,1.2975496116928102,-2.2114715645405516,2.2663340957267346,2.4099928839503857,2.163898237461752,-0.41656538492248796,-2.966894927561701,-2.4806159548009905,-0.6716585232804544,-0.7536743290558023,1.7642177316844307,1.2560680082746023,1.5851334103634285,0.045759946411028096,0.9775127633914136,1.827469062977391,1.4178799269939102,3.2140833579754915,2.1525631996718024,1.6841731381278224,-2.8308406815132154,2.47648336447398,1.4328918636051506,-3.1038036517321435,2.984828437965178,2.039829798979313,-1.8649893609780248,0.42405100165434195,0.3672396541919065,-0.7917940670442567,2.2573650649697035,-1.9082075635338203,2.120698838767564,1.4395943122774906,-0.10128730374197303
numHidden 	5
numGenes 	48
minGene 	-3.0
maxGene 	3.0
popSize 	200
maxEvaluations 	20000
mutateRate 	0.16
mutateChange 	0.25
seed 	1585774485821
random 	java.util.Random@5e265ba4
neuralNetworkClass 	class coursework.ExampleEvolutionaryAlgorithm
Training Set Training
Fitness 0.04582397259734034