2.2690469788660903,-0.63203005535164,-2.1192716503524673,1.288074106343001,-1.9125580976763235,2.6150428622095303,1.4475574833091902,0.9184442661578661,3.2121111216530975,0.023769303476463416,-2.6601330993933656,-2.052738889126956,1.6211812750942878,-2.6726680668760676,-0.8889802285124353,-2.742496387407134,-2.203435513305958,2.890312345602132,1.1696030763151573,-0.48337890139292894,3.0158737956171886,2.195206479592846,-2.0958665178766425,-0.15919327306296246,0.48300080517674704,-2.4984862949299824,2.001028665343756,0.9511466759815616,-1.9355926447762584,-0.7172125196797677,0.5030687181263931,-0.8991066712048774,-0.8426434494154093,-1.96327481999881,0.7156606443059894,1.5939175565692651,0.4221173262283746,2.850476246207323,1.0075928482436871,-2.4554987296606936,-1.9009176409373993,2.097531364565482,-2.8735628602877847,-1.0206725016965823,-1.3290642909322308,1.5058876591986916,2.92568332270975,-0.6658145055597839
numHidden 	5
numGenes 	48
minGene 	-3.0
maxGene 	3.0
popSize 	200
maxEvaluations 	20000
mutateRate 	0.04
mutateChange 	0.1
seed 	1585239055523
random 	java.util.Random@5e265ba4
neuralNetworkClass 	class coursework.ExampleEvolutionaryAlgorithm
Training Set Training
Fitness 0.11072190842415758