0.19968862390332287,3.6098346417951657,-0.7164881182717355,-3.971558549699962,0.4114724356190802,-1.5217538300804065,-0.27188053523386957,-3.1523388744850704,-2.8412385481729956,-2.9166258541065506,3.754231824185304,-1.45703285454627,-1.9980651028174075,2.043570080040782,2.8829768474083863,3.293717626576454,-1.0228429903248157,-2.3176270010240643,-1.269550762747258,-1.0827978456456382,0.2889033496101563,-0.5139515313940084,1.7229339432115776,-4.937661429197386,1.88978341260332,-1.0432301306190768,2.451347344302773,0.4227641249615539,-0.5099198645321605,1.1592343490278285,1.5266545472924862,-1.702619665727561,-2.712528762594596,0.3034245588893105,-1.485186939662693,-0.659908510623441,0.1429460985319535,2.6886503893086573,-2.815908047488705,-1.95835886041713,0.051978874393135754,1.2539282551383675,0.6394140829210402,-1.874871285195638,-1.1794364894649216,-1.1628261412101661,-0.052337927627061465,1.112956694567043
numHidden 	5
numGenes 	48
minGene 	-3.0
maxGene 	3.0
popSize 	200
maxEvaluations 	20000
mutateRate 	0.25
mutateChange 	0.25
seed 	1585608750835
random 	java.util.Random@5e265ba4
neuralNetworkClass 	class coursework.ExampleEvolutionaryAlgorithm
Training Set Training
Fitness 0.040691421921926776