2.3568845081448067,1.959582852697626,2.425688677913615,0.40360414146192525,2.8334544087761695,1.111659562158597,3.0067670447446146,-1.1925644174593482,-2.2456024953866476,0.9404810586570281,1.0586004912912548,-0.46426887004999473,-0.19504717657661572,1.5177445882305034,-1.0160898160489702,0.7245636034738822,1.2013446851094596,-0.7798249155265177,-2.179162553352778,-2.3046925818070476,0.28641244748604566,-1.9928843874285733,1.8434524685091844,-0.2637178869958715,0.8342148029677785,1.0160596234649737,0.8829020802412983,-1.0135843407183849,1.437619770936466,-1.983941905600362,2.4805118781083686,1.8778485584404847,0.8743775125185479,2.5147871881764123,1.4493936281420043,2.3440110956188795,1.2561529884176585,-3.0415737436459973,-2.4261580196311376,0.3368114541496302,1.4614868994761734,-1.4056472022195738,-1.1839605554811243,-0.5788136253110281,1.7376293822884858,-1.314979265641579,0.3273239836852445,-1.6726276976659036
numHidden 	5
numGenes 	48
minGene 	-3.0
maxGene 	3.0
popSize 	200
maxEvaluations 	20000
mutateRate 	0.04
mutateChange 	0.1
seed 	1585612052590
random 	java.util.Random@5e265ba4
neuralNetworkClass 	class coursework.ExampleEvolutionaryAlgorithm
Training Set Training
Fitness 0.0778670025867191