1.116223727607918,2.9109958422079574,0.3574859338490073,1.4362881656337994,0.6507089627627376,-2.682502108856417,1.078560321601954,-1.4452852880560936,0.6740498366919103,0.20389458732101348,1.025007745780146,-0.36775421301374933,0.7561815023925005,0.7924599184167315,-0.001626363216212151,3.0219054797967795,-2.3592670266018576,-1.3907656569065456,0.7052313672220215,-3.1516172969677747,0.387362246397312,1.9338907413876147,0.07379244583869854,-0.29918319789181447,0.8694517044676775,3.680016343204429,0.8304603044800318,0.47166642781869206,0.0862293063396532,-2.8731070967350245,0.8186373339978557,-0.09682506776481203,-2.1832497611118202,1.4015905048098785,2.404207644682499,0.3244265228606354,1.199022063984113,-1.424574240180003,0.5617266136584425,1.570972668344862,-1.1390745882517401,2.691569254187601,1.2724566589675113,-2.3245053386937315,0.06043566091330693,-1.319179780210697,-3.610000380575642,1.5019502667207631
numHidden 	5
numGenes 	48
minGene 	-3.0
maxGene 	3.0
popSize 	200
maxEvaluations 	20000
mutateRate 	0.16
mutateChange 	0.1
seed 	1585665499584
random 	java.util.Random@5e265ba4
neuralNetworkClass 	class coursework.ExampleEvolutionaryAlgorithm
Training Set Training
Fitness 0.01778299789499351