2.6370508470282075,-0.011040294301648101,0.7254202067660802,2.0306937875311304,0.7270679909936166,0.8438139754873639,-0.2620598386386104,-2.1183208219332954,-0.6614857480523653,0.936803414123192,1.3696134338696266,-0.006541756253658937,-1.2300478590322903,0.7834599981977657,-0.6608138867477316,1.7472967697568713,-2.0814282693687156,-0.6370194702909016,-1.0029954406626096,1.797297222037693,0.19421388002719464,-0.8848906686046192,1.6425083251299548,1.5649368442287603,-0.4127882707462087,0.11233886012528504,-0.936434576375454,-0.5579657799832667,-2.5495862469061916,0.2768736030930474,1.120708301160329,-1.5954004908758874,-0.21573158404890336,-0.9940556639894105,-1.6659046658044796,0.6404113946177514,-1.3951349446582209,-0.6243009506299795,-2.3717116303611334,0.006056407749934767,-0.6716583546667836,-0.7869611368205749,2.1497021083840475,-0.09544453105607631,2.5210858555859996,1.006406836946436,-1.6061531184807476,-0.7374055715181009
numHidden 	5
numGenes 	48
minGene 	-1.0
maxGene 	1.0
popSize 	200
maxEvaluations 	20000
mutateRate 	0.35
mutateChange 	0.25
seed 	1586116294475
random 	java.util.Random@5e265ba4
neuralNetworkClass 	class coursework.ExampleEvolutionaryAlgorithm
Training Set Training
Fitness 0.04225747415397352