0.26616149743614814,-2.1977869823032905,0.20953936292200703,2.7364055851041083,0.7041313395269637,-2.3331638310516176,-0.9313761401489717,0.8244284532007953,-2.2464070679226746,-1.7360957091534153,-0.7359693389328656,1.2038899610045832,1.2848949876511515,1.5451844375930537,-1.2668269166689368,-0.8249715724815823,-1.6235897587470602,2.7761279539690533,-0.25083840687390735,0.9752322944326988,1.35366143262182,0.8067630270338895,1.5999537302999842,-0.035613700998933684,0.48706649152515524,1.312028127529239,0.3263309865672377,0.08269795329371243,0.34891236497809386,-0.8718675274756151,0.6228279119090785,1.8267308849939057,-2.8065493198342604,-0.7939379132861779,1.4315205777921451,-1.5535945426785815,3.2122859052675246,-1.0271190174995422,-1.1906363181037416,1.1477548851746446,0.13051281314469332,-2.463992210528397,2.575545412092561,3.0432598545984786,-1.652664143930044,0.6851799745893135,0.2961105124429886,2.423612545325383
numHidden 	5
numGenes 	48
minGene 	-2.0
maxGene 	2.0
popSize 	200
maxEvaluations 	20000
mutateRate 	0.35
mutateChange 	0.25
seed 	1586119170821
random 	java.util.Random@5e265ba4
neuralNetworkClass 	class coursework.ExampleEvolutionaryAlgorithm
Training Set Training
Fitness 0.011169437176601044