-0.41960438121592425,-1.6731762057209516,-0.8797001090628749,0.9749893668992051,-0.963334887975102,2.7561175533634525,1.3752792953702393,1.4680279935021403,-1.4867514642633184,-2.3091762428621987,-2.4546679510205736,2.9218346116089373,0.237061723900589,1.499544615463452,0.4378840012457639,2.054851637901929,-0.6045876339961049,-1.5179131104950097,-1.2103246624008497,-3.4908137016768443,-1.1754534518555708,2.473687023785735,-2.098350094720783,-0.2950281692513519,0.007979076677681718,1.0183411276949368,-1.3109355030057142,2.006724279581304,0.29030554298957867,0.05356213691144074,-0.31564553988129695,1.9867876083384255,-1.1647553279425975,0.968807954472096,0.8720911988373841,-0.040363208028665554,-0.3327940954409616,-3.4927552743164463,0.2646585383509179,3.536976011971306,-2.366277299535504,-1.7245652795728486,-0.9059208229953741,-0.7827562166088589,-3.188360417683617,0.6079560636627983,1.399710953771014,0.9743077966881559
numHidden 	5
numGenes 	48
minGene 	-3.0
maxGene 	3.0
popSize 	200
maxEvaluations 	20000
mutateRate 	0.25
mutateChange 	0.25
seed 	1586096688451
random 	java.util.Random@5e265ba4
neuralNetworkClass 	class coursework.ExampleEvolutionaryAlgorithm
Training Set Training
Fitness 0.007739034197452321