-0.03723141575645128,-2.408545547199731,0.5880468479824925,1.1358319632414968,-2.167241999713659,0.3916647378030431,2.3898384279786162,1.4334537480821261,-0.7384896497337325,-0.7111784511798498,2.2047212509283134,1.2149596883487424,1.3332847577872813,2.958000818751966,-1.1655782345612895,-0.9847856063437734,-1.4108562356018117,4.260583170961378,-2.1752601416945976,-0.246625820988573,-0.6756861988982159,-0.5411792494161589,0.036141462179354544,-1.1354989241627425,-0.6596325817639874,-0.21752640237058074,-1.0194842443857564,0.005232178127505982,-1.1967704958282064,-0.7348807858518942,0.5848603378256811,-2.7235038201731254,0.03378936633326557,-1.2752324721162438,1.7809448178138512,0.4258032326620569,0.858681623481425,-0.6545524946128185,2.6832799156733658,2.1361614207897013,-0.17541881280245253,-1.226539033503658,-1.8939955531797885,1.028209243425351,-0.3698616679645732,-0.775968253951723,1.2825794601817724,-1.103319302714901
numHidden 	5
numGenes 	48
minGene 	-2.0
maxGene 	2.0
popSize 	200
maxEvaluations 	20000
mutateRate 	0.35
mutateChange 	0.25
seed 	1586117396545
random 	java.util.Random@5e265ba4
neuralNetworkClass 	class coursework.ExampleEvolutionaryAlgorithm
Training Set Training
Fitness 0.007501892691471029