4.061141214306664,-0.40052988471515283,-1.0232290169783207,2.590357821201411,-0.8053960611579642,0.22537984828062196,-0.680031667614422,-2.563234321616229,-2.7471075296242784,-3.700444499077135,-0.12232978818208728,3.180511005666845,2.1481562302738784,2.0693106568088515,-3.225440708881287,-1.2859610388915486,1.1651857864631907,-3.73585295731071,0.8423165088220967,-3.2128588888344645,1.1550860687211593,-3.387961001212503,-1.607436233046153,-2.7263265557126406,0.7146211145248751,-1.583493499331699,-2.007220590211488,-0.637196677862661,2.2330029495917136,-0.6254068182143642,1.2509865481041569,1.627359464869893,-0.8296773253233498,1.9701588783349884,-2.18381671156808,2.0449083322153623,-1.3982586451471242,1.868696334126775,-2.809843496130732,0.10772731742429098,-2.831017202954995,-1.730822402398668,-3.4775054748179635,1.6558881388458069,-1.8744115986774177,-0.3647685714538831,-3.4257165050707856,0.0032178932479247635
numHidden 	5
numGenes 	48
minGene 	-3.0
maxGene 	3.0
popSize 	200
maxEvaluations 	20000
mutateRate 	0.25
mutateChange 	0.25
seed 	1586095352829
random 	java.util.Random@5e265ba4
neuralNetworkClass 	class coursework.ExampleEvolutionaryAlgorithm
Training Set Training
Fitness 0.018085362817297317