-2.401689117250837,1.1700104537964982,2.3849333526385683,-1.7706900932073926,1.8250583434913152,1.7532143716738142,3.07491980110329,-0.6237856014354546,0.8253664518456283,1.8915574645706288,-1.3797579452778614,0.41264821711262867,1.104198986582929,-0.6473495166397223,2.4046870613932234,3.8532474786701885,0.6450461325339725,1.7313361552374222,-2.122908897307699,2.4983479294142192,-1.5619149229241245,0.4979311376953208,0.36683245887543814,0.47343225205380746,-0.392427634966805,0.24900228319747209,-1.598305706580181,-1.4182316936377912,-1.5581872725887984,0.32437205492113685,0.27870557180251465,0.3468239434493232,1.4298305361672914,0.7860827332787812,-1.248146389374745,1.5155780887731392,0.8346504625985336,-0.5379245352390916,-0.31116002273279264,0.0633764070293088,0.13387696676244198,-0.4106228763375168,1.4123345631722564,-2.3644873605147363,0.5840405286782038,0.7986139257830196,0.17946245060658583,0.1302476209699983
numHidden 	5
numGenes 	48
minGene 	-2.0
maxGene 	2.0
popSize 	200
maxEvaluations 	20000
mutateRate 	0.35
mutateChange 	0.25
seed 	1586119020713
random 	java.util.Random@5e265ba4
neuralNetworkClass 	class coursework.ExampleEvolutionaryAlgorithm
Training Set Training
Fitness 0.022968087230364195