1.4376396863728191,1.6734738003819891,0.2527921485329594,1.7726861381465047,-0.1770039103244836,-3.8191100911310345,-0.18479318208585505,-0.08556072950146976,1.8073098975785116,-1.8673520704323723,1.8994345108839104,2.064621356659027,-0.6573556963441485,0.18532982173639545,-1.1675422223162386,-1.3998235484641615,1.378543640132766,0.6224983955120085,-1.4710218697862092,0.19681277398268704,0.44178466542887285,0.5169460031877442,1.7584892594713566,-0.04651740796321335,1.5007595605777144,0.6865006724710354,0.24474165222854993,-0.9091535855260446,-0.7523915670807759,1.4519971461055134,2.2824744956265546,-1.3331021669097352,-3.3871405282074543,0.77828283831917,-1.3558189507178584,2.231440193989843,0.32147565055011973,0.7638971887799026,0.7000638967453354,0.38212356220136656,-0.8941522461507709,-1.1076734695362072,-1.36277211638699,0.5382644303127975,-0.18958621620381733,0.2175028992553032,0.43954815786084067,1.164687119957962
numHidden 	5
numGenes 	48
minGene 	-1.0
maxGene 	1.0
popSize 	200
maxEvaluations 	20000
mutateRate 	0.35
mutateChange 	0.25
seed 	1586116743365
random 	java.util.Random@5e265ba4
neuralNetworkClass 	class coursework.ExampleEvolutionaryAlgorithm
Training Set Training
Fitness 0.010604406551801759