-2.3240742637794254,0.12202107298138642,0.22536998891021343,1.3753780672609892,2.1913673778679272,1.2695370125146983,1.375596253564436,2.9230041026075706,1.0202180301244876,0.33925376812852415,-3.19920945107958,0.10703257692558887,0.410912493468242,0.4378574676001845,0.8926743116368745,-1.8452168621330478,-1.7754470414181376,0.8917924835326168,-0.9032649336260805,-1.3334981446903136,-0.5568471217172055,0.2166683876297264,-2.617583114098152,-0.5778434431646842,-0.4685086276842232,-0.04003790277548003,0.5440331460735064,0.06451882197735648,-2.900033119654116,-0.044777275793881355,1.4067432124170964,1.2768177708779644,-0.8990071235052413,0.21739357363317824,-0.1404103081629553,-0.17284286380801772,-0.5483628294607041,-0.7247284169100165,2.3602497814021444,-1.769204503849057,2.2603592156278434,-0.32146849078598416,-0.34618969536124,-1.7147057504018197,-0.7541390132398456,1.4831470169400203,2.4205318401789544,-0.1375558838658817
numHidden 	5
numGenes 	48
minGene 	-2.0
maxGene 	2.0
popSize 	200
maxEvaluations 	20000
mutateRate 	0.35
mutateChange 	0.25
seed 	1586119341122
random 	java.util.Random@5e265ba4
neuralNetworkClass 	class coursework.ExampleEvolutionaryAlgorithm
Training Set Training
Fitness 0.09830228145504563