3.420737768305818,2.4839867868376304,0.2035282478352587,-2.6272984752140127,1.1480187761432292,-0.7173604360480006,3.323738673169058,1.6931190577717974,2.292413704401681,1.1972692969261738,1.2428384592684059,-0.04089752028598248,-1.862922858798556,-1.0830053400570139,0.35017619159480606,-1.9835341801595474,-0.7951739821344135,-2.46263256456335,-2.584144632019445,3.9427629771738557,0.1557918245105392,1.1794608460935025,0.5893688005699751,-2.467359570512758,0.8779881700349685,-1.0226645077867844,0.6196819317083353,1.6945045750351735,-0.020283362139049466,-0.28541864966029706,-0.6359134048315491,-3.3289613054186855,-1.406093827513474,3.013683085011129,3.57306893862423,-0.16209466976357434,0.5431530713729584,-3.7074954322497176,-2.4541420976680848,1.8642619945812542,2.2404004989481967,1.7002327838928153,-0.4537599325290169,0.9855195192758419,2.7138681057462613,0.4306700004141497,3.10065223325908,0.7930651454572626
numHidden 	5
numGenes 	48
minGene 	-3.0
maxGene 	3.0
popSize 	200
maxEvaluations 	20000
mutateRate 	0.25
mutateChange 	0.25
seed 	1586096109113
random 	java.util.Random@5e265ba4
neuralNetworkClass 	class coursework.ExampleEvolutionaryAlgorithm
Training Set Training
Fitness 0.10396097607812115