-1.4751685255025162,0.5358694157755624,-1.1718496885245138,1.3129790045240375,1.772656598213497,4.570237753139824,0.10468831146510027,-3.5397733098697186,0.07476857119214486,-1.2774891320521609,-1.7236500660831489,1.8340218864052327,-2.908440157919115,2.375890648222109,-0.46208383658775354,3.8008797194634587,-2.723652096542081,-3.3597058611449904,-2.6071641105837564,-3.028407993755338,-2.7452354720851995,0.3009124423111693,0.18855956384461692,-0.7597990973298789,-0.43393278203566643,-1.9629375506286735,3.730803919935682,-0.07375690604001939,-0.38212726025511046,-3.8372658821155143,-0.7820999209362673,4.1847526800569295,2.719487081874081,-0.17421471997208826,1.7187933847760624,1.0028107094732972,-0.239823189519071,1.9757802394627917,-2.6618086559889536,2.693222837204658,-3.2626015032005604,-3.528983340286083,1.3197739512335365,-0.4247915106237947,-1.3338238782273235,1.693334314850734,0.1333046047668418,-1.5012242817103463
numHidden 	5
numGenes 	48
minGene 	-3.0
maxGene 	3.0
popSize 	200
maxEvaluations 	20000
mutateRate 	0.35
mutateChange 	0.25
seed 	1586098223841
random 	java.util.Random@5e265ba4
neuralNetworkClass 	class coursework.ExampleEvolutionaryAlgorithm
Training Set Training
Fitness 0.00839268892298229