1.8376625439218337,-1.726247247623677,-0.4362818289245154,2.3400440510710507,2.953583463615889,1.1029087702638773,-3.6855180352202064,-1.3372995443171818,-0.633096937560568,-1.2340489251783144,-0.1427900489029068,0.7100724414998294,0.8291389414520784,-1.4310975948384046,3.5720863994583523,2.681133194323435,-2.476202527278858,0.9970538195740195,-1.5429696399604844,0.09225219981052213,-0.01276002092712325,1.5744769608590135,-3.0229005717823925,0.9387947875622742,-1.7279690836986537,-2.0639815816797626,0.42962936590044887,1.042165719518756,-0.18177891092324172,1.2969571242512963,3.581578917263414,0.3241181124075836,-1.5136988872897574,1.2750368182026262,2.3863316735492055,-2.9178200835278516,-1.9311570372553537,1.664117469597608,-0.9870151097764919,0.5470818968062581,-1.1638738776927173,-2.7217821827700814,0.7219424489987865,-4.41489785116382,0.5343280667449237,2.1292574857259905,1.7964028584616165,-0.634726420507802
numHidden 	5
numGenes 	48
minGene 	-2.0
maxGene 	2.0
popSize 	200
maxEvaluations 	20000
mutateRate 	0.35
mutateChange 	0.25
seed 	1586118253997
random 	java.util.Random@5e265ba4
neuralNetworkClass 	class coursework.ExampleEvolutionaryAlgorithm
Training Set Training
Fitness 0.03402102848706525