0.13136417861383265,1.5465767828020098,-1.892649393794113,3.137868929338076,0.3307585260571102,2.968465803777754,-0.2667918823673405,0.17127044743744735,-2.0554032965229143,-1.0820128478908608,0.9384307660689752,1.6905066492434218,-0.5767575458906649,1.7406088776908382,-2.527775986084626,3.0278835817716705,-1.2682573150063075,-0.7524337907719025,-2.623317511927553,3.276551366229227,0.13426051207157697,-0.26890349416159554,0.8382420645024911,-0.3399334272426504,1.5749785668228529,0.07190238932544446,-0.17341910719753884,1.2032257664969128,0.45246977348723183,1.4360350172138099,-3.9613308929186264,-0.8748051682186015,3.0571875586395536,1.4372962959854862,-2.799175665480533,-1.432642349991943,-0.4606135660455264,1.1451651461831238,-1.8082142858543784,4.584719112364951,0.7474378000795143,-1.30284152227805,-3.0150257130940004,-0.4788995109206251,0.124164250983958,2.278444579858338,-1.4317333944550867,1.2047736804791795
numHidden 	5
numGenes 	48
minGene 	-2.0
maxGene 	2.0
popSize 	200
maxEvaluations 	20000
mutateRate 	0.35
mutateChange 	0.25
seed 	1586118813574
random 	java.util.Random@5e265ba4
neuralNetworkClass 	class coursework.ExampleEvolutionaryAlgorithm
Training Set Training
Fitness 0.012926219709075721