-2.395807328836824,0.2973029336901982,0.4813611125519417,-0.8575560292684878,-0.4197908814970095,-0.28743519212050783,0.6686398249947327,2.310387329499382,-0.09794513205225908,1.467450939049804,2.352991182354611,2.83619821746045,-1.2657716513444734,2.4936220738703003,-0.5020912139503251,-1.6182309993530142,-0.03178843814025356,2.7313254224553374,2.702985652593716,1.9739004026456968,-3.457412355215304,-4.632061924788093,2.2978460463083117,2.957691556112348,-3.1468090299199023,-2.486670306028895,0.05891595669202099,-1.934203421699534,0.19536793482754256,1.1989462837515,-0.8575214508129707,-0.8659977481498995,-0.5949659878675249,-1.8284990133424532,-2.354184192893516,2.17131989281252,-0.7226741620047605,0.22364294966634546,3.214103393128477,1.1080145312763259,-0.5587488444097088,-0.737041636436123,-2.1959209336002123,-1.152265913189845,1.6558543654346085,-0.5328557951173156,-0.4036314052992884,2.7401283865400146
numHidden 	5
numGenes 	48
minGene 	-3.0
maxGene 	3.0
popSize 	200
maxEvaluations 	20000
mutateRate 	0.25
mutateChange 	0.25
seed 	1586096190516
random 	java.util.Random@5e265ba4
neuralNetworkClass 	class coursework.ExampleEvolutionaryAlgorithm
Training Set Training
Fitness 0.08015561228071641