-0.1744122747318846,0.1161130851289025,-1.1458169735414967,-1.9802890167517115,-1.1955998797471539,1.0594964693445306,2.527323632142161,-2.213041092411556,0.602147756105424,3.057710595418751,0.26249839954287957,0.8685715561312168,0.32382456871189724,-2.137821158841467,-2.62156874978686,-2.845397372704616,2.614647905865283,1.5486987994412456,2.4364159643055032,-2.0741905723002922,0.4432057740464499,-0.020704073397985745,1.9553815741039688,0.3773613520817749,-1.0916022719084104,2.675551779382591,-0.04422494034141211,-2.5591681714844836,0.7246502577146847,0.042553704086680355,-0.0884541878168279,-2.551883302566605,2.936371076069406,-1.2365255443100969,-1.8202490156877031,4.405524259843441,0.7465896325203234,-2.746851544739169,-0.594963569858634,-1.4415993510571206,3.36621926600088,-1.4351308084071848,-2.488521716888359,0.7762555800842947,-1.0006443501284545,1.8379954488775088,-2.3029893851578396,-2.6745332942095352
numHidden 	5
numGenes 	48
minGene 	-3.0
maxGene 	3.0
popSize 	200
maxEvaluations 	20000
mutateRate 	0.25
mutateChange 	0.25
seed 	1586096563230
random 	java.util.Random@5e265ba4
neuralNetworkClass 	class coursework.ExampleEvolutionaryAlgorithm
Training Set Training
Fitness 0.007492940813599736