0.3344152286257638,0.5129390490423762,-2.176636423095472,-0.5033391956493827,0.4995173783352873,2.583592535955115,0.3238708118746092,-0.6072424779201337,1.5705036424790173,-0.33156761175695704,-0.52929557332688,2.224773905265922,-3.5329178591039563,-0.3040242769976622,-0.6058322092929391,1.8200379113518057,0.1719744225005806,-0.05604708635445732,-1.4854205263973599,-1.4985225399945845,0.015848015879056376,0.2586102105607917,0.6090054045117546,-0.9453572263463854,0.1672215028213273,0.2776461527778544,-1.9387331799745824,0.6231976560450403,0.24146689766441187,0.7960022619737095,-1.430301866327905,-0.24098536518954283,3.6793602176400153,-0.2718168706298889,-0.645291406947154,-0.30128771008294075,-1.4055397312270719,1.9977325901151075,-1.7617213463627026,-1.4033230773690466,-1.1000765624676245,1.1239473082734524,1.1101006826491968,-1.3346880805290096,-1.5508091242355206,0.5278606591012387,-0.4998480248433277,0.20646406402842898
numHidden 	5
numGenes 	48
minGene 	-1.0
maxGene 	1.0
popSize 	200
maxEvaluations 	20000
mutateRate 	0.35
mutateChange 	0.25
seed 	1586115120486
random 	java.util.Random@5e265ba4
neuralNetworkClass 	class coursework.ExampleEvolutionaryAlgorithm
Training Set Training
Fitness 0.009178511670749262