0.3814163086394542,-0.19779013445403315,-2.174611985554395,1.0064153622656793,-3.2586656148794013,-1.882838135697936,0.4762834409541421,-1.4723019990138098,-2.5691577662501768,1.3787253615658415,-0.5868967452570164,-0.9783028878454534,-1.836563567443863,2.2007511520198904,-1.650252999455946,-1.4081404039398846,-2.891345032414184,-4.465267828882117,-0.9126844497680606,-1.4662139248210764,1.6088031701143732,-0.6284859420471058,0.19542844647139157,-0.07797355201984635,-2.3879207082973766,0.1443115868426661,-1.572511495467567,-1.0874447692590934,1.395766828884308,0.6620735255816816,-3.4871045926083735,1.1202426723853263,-1.0987886340046167,2.447158097966719,-0.8139854234392541,0.944306544338188,-2.3121558719643005,0.833702147054451,-2.284001729230904,2.66590236105756,-0.11343682448542669,-1.647008719390215,0.5433545613799682,1.7806823751586887,0.5933282727525739,2.789559115236445,-0.3415416681956813,0.6053229740250607
numHidden 	5
numGenes 	48
minGene 	-3.0
maxGene 	3.0
popSize 	200
maxEvaluations 	20000
mutateRate 	0.25
mutateChange 	0.25
seed 	1586098022643
random 	java.util.Random@5e265ba4
neuralNetworkClass 	class coursework.ExampleEvolutionaryAlgorithm
Training Set Training
Fitness 0.03951338729893301