3.1794704395892364,-0.9753839121751202,0.9677293651821541,-0.24603647594354427,-3.4282496005220198,-2.9230450985833967,-2.6359855669683467,0.5361914219375645,0.9588694967007942,-1.6512039462623513,-0.5244104605082578,2.2110741386723634,-1.1304299222866439,3.2508324628564544,3.3344882324270957,3.914298666366955,-0.021585929783320523,-1.5065688991684478,-0.29820489341859346,-0.29231746592892227,-1.9923121544129883,2.039094197037681,2.251064228459043,-0.48819129696889485,-3.4252981325881713,-1.9686952058890053,0.06807156777423606,0.07324275595628471,-2.0495112312550194,0.34886716051648636,0.09208724439772276,0.8293080498854906,-1.6888638742902264,-0.46554089460442105,-1.6671659799252847,-3.0232450487395615,1.8657284890551118,0.8832237755864965,1.8437827418357413,1.9315183208116835,-1.26489719631513,2.7018398228737546,-1.4835758163639516,-1.0648821071779495,2.3833593551722796,2.1606125073609848,1.0316340198997116,-0.18088599794868232
numHidden 	5
numGenes 	48
minGene 	-3.0
maxGene 	3.0
popSize 	200
maxEvaluations 	20000
mutateRate 	0.25
mutateChange 	0.25
seed 	1586094472186
random 	java.util.Random@5e265ba4
neuralNetworkClass 	class coursework.ExampleEvolutionaryAlgorithm
Training Set Training
Fitness 0.1055927301835749