4.47351086308644,5.069809774034573,-2.0858751997265794,2.514374224145268,1.385100288612667,-4.735993643023664,1.4095151719503685,4.009319807895587,2.425953548666312,-4.201812323790082,2.8579995829823197,2.21018689721355,0.8849231467708609,2.017657157222585,1.3564661225450578,2.440315620787496,1.093736776764782,2.4389491842468978,-1.603023617364773,-6.615581373706076,-2.1797592192670434,1.6212744772860317,-0.8525430216096992,-2.4953071105311873,0.08221375566319988,0.10293092312519647,-0.1428479117814998,3.9465463469219966,0.2837864482483652,0.0854735998638052,0.7996177199409265,-0.5053306496881502,2.019866258533157,1.1011858073663667,-0.2968510230895136,3.5366639095683388,0.27482508021392604,0.3896130408342464,1.5931397211127014,1.8254317507385496,-3.4399350226835903,-0.11333045682791143,3.6329828378161064,-0.14699778309418932,-2.9590597916961348,-0.654949333265185,-1.6002715592032084,-1.3925316334999316
numHidden 	5
numGenes 	48
minGene 	-3.0
maxGene 	3.0
popSize 	200
maxEvaluations 	20000
mutateRate 	0.35
mutateChange 	0.25
seed 	1586099481680
random 	java.util.Random@5e265ba4
neuralNetworkClass 	class coursework.ExampleEvolutionaryAlgorithm
Training Set Training
Fitness 0.010024765113994827