-2.571027648756445,0.06945292795343949,0.038342969983440334,-1.5170265003011227,-2.1325913424910414,-0.0612836974990989,-3.644246076301055,-4.123132820027491,-0.021180265815560873,2.176969822490495,-0.00875562657007034,-0.05465053341369308,-2.8964030753344456,2.3576249597423242,-0.9704220436888651,2.609009161527445,-1.6468863576637407,-0.306847934807454,1.2751446671508706,-3.1218071388109907,-1.5170851656130497,2.960438727884384,-0.5414340008101206,-0.4205785426662918,-1.32905895102907,-2.905526038048187,0.28055433138397623,-0.882342637005399,-3.9176802979792864,0.47983891351417807,0.6071773318222968,2.228703816492663,-1.6106392377553789,-1.1340345304068968,-1.4884688220726525,-2.8337435276852196,-0.3599910539094058,-3.083885511073203,-0.5748062557980116,-1.8041380908672122,-2.4698905671762366,0.1715056903582184,3.668678569797736,2.1332682091962294,0.23445722293114502,1.1710165486833795,1.3234800314115809,-3.0326080039190377
numHidden 	5
numGenes 	48
minGene 	-3.0
maxGene 	3.0
popSize 	200
maxEvaluations 	20000
mutateRate 	0.25
mutateChange 	0.25
seed 	1586094104732
random 	java.util.Random@5e265ba4
neuralNetworkClass 	class coursework.ExampleEvolutionaryAlgorithm
Training Set Training
Fitness 0.11970781865177385