0.7047652275244958,-3.139368230979708,-2.2051132360467323,0.9957269480699651,0.17833272468271844,-4.9898357110415,-0.23234912777121863,0.52210688029529,-3.5404962912403084,-1.3801975671835822,0.4659264841627704,-2.536106238645922,1.0550891493916215,1.7826839447712652,-3.424085010853248,-2.5941651497154314,-4.277558564074086,-0.7263400685428107,1.569362757291426,-0.03970006699132078,2.6653152819942596,1.892064324012603,-1.9405534620687233,-1.671733634084819,-2.3173019935125856,-0.02912143545459589,0.09983403112050437,-3.5800219873832475,-3.147907414597828,0.45164482279887963,3.202736929078201,0.839907438647618,-2.923216687549619,-1.5305979122063933,3.0685693199908215,-2.4456827793215545,-0.23784409546355167,-2.125658450812816,0.17412680680877024,-1.2391086955019532,3.759199322617264,-0.7131977854542013,-2.792008650851366,1.868579297234291,0.2738552295017409,-0.36035656361858504,1.121168452863147,0.07196674516425539
numHidden 	5
numGenes 	48
minGene 	-3.0
maxGene 	3.0
popSize 	200
maxEvaluations 	20000
mutateRate 	0.25
mutateChange 	0.25
seed 	1586094561363
random 	java.util.Random@5e265ba4
neuralNetworkClass 	class coursework.ExampleEvolutionaryAlgorithm
Training Set Training
Fitness 0.03934401836592833