1.3335856510502042,-0.3282057469765882,-1.1401413938554095,-2.40401362414997,-0.32218138203436997,-0.8975409934566239,3.2958162146787497,-2.2730495708945666,1.0525349739433887,-5.1988710250460395,1.284061560609457,-1.0201262513887213,-4.031540518469338,1.63012879520074,0.27634818341203804,-2.2195136414692493,-1.973561405713216,-1.900218750513596,1.2681539838092895,-3.135849259282703,-1.311057603808949,2.5442198716767797,0.9650593776677461,-2.1999645403120724,3.8285485648498003,0.2075932017621558,1.3907516120091312,0.6975002044086267,5.118534995571461,0.5474825781772799,0.8718966141218116,-3.2361799465899157,-2.007186263026805,1.083843384935757,0.3409788163496712,4.497611428776212,0.5020495208062776,1.8307616990382485,-2.1584303530112066,2.1050584198122166,1.6799165017563613,-2.505198623380756,0.7513452819172848,-0.03373184970280296,-1.991945825119799,2.9577069428849985,-2.693468154832777,-2.5931747526691877
numHidden 	5
numGenes 	48
minGene 	-3.0
maxGene 	3.0
popSize 	200
maxEvaluations 	20000
mutateRate 	0.3
mutateChange 	0.25
seed 	1586098139628
random 	java.util.Random@5e265ba4
neuralNetworkClass 	class coursework.ExampleEvolutionaryAlgorithm
Training Set Training
Fitness 0.09585590509665085