-0.534208235570856,-0.49289389401295725,-1.8038410871034194,0.5541284600806482,0.40570680787265023,1.2184027946324534,0.9635822460232444,0.6202381952656402,-1.4894017315949752,-0.382457047003415,-0.3188836999112352,0.6331989605427109,-2.2138267065388395,-0.3618999167713639,0.02929609071695527,1.9331243141792647,1.3170532871950393,0.5942017152844519,0.6585316259746323,-0.4114907957993641,0.30479158098348624,0.12299168082807532,0.22540989137258172,0.5164579392270654,1.1001559699638084,-0.40774189448117926,-0.15336791252525628,-0.1499091059415325,-1.0324703197770946,-3.1458518835894616,1.8734787880513248,1.5131526302619405,2.0399880531458843,-0.8502826129738568,0.1416492060393324,1.1669208005974183,-3.043188501956704,1.9553916134568914,-0.5842258406508392,-0.037905500393445646,0.020897415856710344,0.3612442244913179,1.8748549929295253,-0.64158175985254,-0.8782618266474425,1.9323238025934906,0.1743338891728119,0.16737618909465768
numHidden 	5
numGenes 	48
minGene 	-1.0
maxGene 	1.0
popSize 	200
maxEvaluations 	20000
mutateRate 	0.35
mutateChange 	0.25
seed 	1586116386860
random 	java.util.Random@5e265ba4
neuralNetworkClass 	class coursework.ExampleEvolutionaryAlgorithm
Training Set Training
Fitness 0.009171588550004255