-2.9691005567085567,2.703882298078817,-0.9665913401407966,3.3507387434542064,2.672175252270212,-2.259299088684225,-2.5749032248338426,-2.829970062345381,2.6879617709236348,-1.6353411122046655,3.082486060865919,1.3388631447251562,-2.5894433152201692,-1.791424982329238,3.548015313284287,-1.5593406422803562,2.987901686464319,-0.2739656355498079,-1.0089131437754917,-2.392221176653509,-1.6593617730807928,-2.8813156303568523,2.827814128134076,-1.7268148301148818,-0.7812377810714155,-3.302899640359361,-0.6979681658929398,0.18975242582329166,1.281890335281135,1.4151489489772988,-1.5611125938302548,1.3741393130893211,2.3986328601833735,-1.6763620102239725,-2.602439072990271,-0.7682393436516066,-1.4304465103188428,0.6324016185766466,-2.4475999720072847,1.906495200007515,2.7746792234005344,-0.5491725633906688,-1.878010862391792,2.123380868596217,-2.119488765119394,1.095191268995901,1.3434039275924343,2.7046547656542455
numHidden 	5
numGenes 	48
minGene 	-3.0
maxGene 	3.0
popSize 	200
maxEvaluations 	20000
mutateRate 	0.25
mutateChange 	0.25
seed 	1586096849870
random 	java.util.Random@5e265ba4
neuralNetworkClass 	class coursework.ExampleEvolutionaryAlgorithm
Training Set Training
Fitness 0.12088364638597791