1.406639100895866,0.1314770697458263,0.88220831296894,-1.2456140336800938,-2.1964170754609667,2.1302297231187133,1.3491655046183775,-0.005107588081104453,1.6386929708846338,2.3718889721444043,3.322402594561132,-2.4986326266824106,-1.0478771327836987,1.6596503374305875,-2.29388202788014,2.7969955243479667,-1.2739658804852396,0.48587807650517334,1.059512935709198,1.7883656335283584,0.5465171480890127,-1.8235230886656053,1.2204346932601267,0.6499681574967555,-1.08535044848523,-1.2633083542914432,-2.2617162996574853,-2.8548007590632665,-1.153232100252981,-0.29996610203121676,-0.8619059330808403,-1.9716595129643641,2.0270748675076886,-1.0480464630804316,0.3794990984053399,2.8106586747605604,-2.6637479057339206,-2.3927051580457457,-1.846415343898542,2.749936635871366,-0.6722058187866302,-0.18449841216722795,1.8774332778546263,-3.813576710622945,1.6593272352918826,2.849952686531118,1.1504591067916605,1.0493597509097894
numHidden 	5
numGenes 	48
minGene 	-3.0
maxGene 	3.0
popSize 	200
maxEvaluations 	20000
mutateRate 	0.25
mutateChange 	0.25
seed 	1586094896963
random 	java.util.Random@5e265ba4
neuralNetworkClass 	class coursework.ExampleEvolutionaryAlgorithm
Training Set Training
Fitness 0.12504198670730232