0.5146813560201797,-1.9680567794935548,0.2870236372293473,-1.721803937208551,1.385897650733583,-1.0020846238198813,-2.3829305341510985,-1.8203891080858496,-0.8523338851505862,0.7143535918615143,0.7975649793572428,-0.7269959654623774,-0.3543591341140815,-3.2837880287902896,-0.3407625451698053,-1.6651019299673333,0.9963996191551043,-2.5637168123276988,0.12833575972765376,1.7804653611374235,-0.8887722737495634,-0.7848544215131317,0.6100723467429734,0.9126879170061031,1.0821786045269666,1.2768558015401867,-0.9150413090210103,0.28011607159828356,-0.2663062218716281,0.4214252555954323,-1.0667698126237866,0.14523984421024583,-2.042480609416204,0.20269548918554947,0.3482629062037923,0.8643155747983817,0.8256096335177494,-0.8096928448551408,-2.6419149864000935,-2.15918186347963,2.665159307251673,-0.44296656870014717,0.9447908016490396,1.1385170031224014,2.031862425595282,-0.06217080299261735,-0.46513299772496763,2.076503672906881
numHidden 	5
numGenes 	48
minGene 	-1.0
maxGene 	1.0
popSize 	200
maxEvaluations 	20000
mutateRate 	0.35
mutateChange 	0.25
seed 	1586115302896
random 	java.util.Random@5e265ba4
neuralNetworkClass 	class coursework.ExampleEvolutionaryAlgorithm
Training Set Training
Fitness 0.007163997759604955