-2.026261792512211,1.2260314037943814,0.11389830491371455,-0.3018170309352062,-2.392198665699901,-2.5060750784662282,-2.867278001795651,-2.763884660918153,-2.4356601617808242,-0.7910304809872546,-3.6787079443274058,1.8935978135762657,0.6538334500129297,0.35872515512526837,0.8060366654205051,-1.548457614030295,-3.6577095607673007,0.15276037131200848,0.3857518798781099,-2.6474311738838137,-0.8705606898835381,0.7777642110281686,2.0291083068349725,0.6809845244881658,4.068976900429794,1.4856782278160159,0.6235600511007275,2.378830552526547,1.906888753393826,-1.4100144086075632,3.9585033408802266,2.7409025008789287,-1.813101271385488,1.8652103948314975,-1.482666303384244,-3.6296748555657725,-0.017343332325642447,1.4521074041459539,-2.0676578412016764,0.602433334062562,-0.5856825264309693,1.6659406471894656,2.6731910452897614,2.1683813818923143,0.042712661082045855,1.3376741474390244,-1.0559932178435778,1.3210764741379935
numHidden 	5
numGenes 	48
minGene 	-3.0
maxGene 	3.0
popSize 	200
maxEvaluations 	20000
mutateRate 	0.35
mutateChange 	0.25
seed 	1586099808067
random 	java.util.Random@5e265ba4
neuralNetworkClass 	class coursework.ExampleEvolutionaryAlgorithm
Training Set Training
Fitness 0.09651875325359544