-1.7920803458244343,0.02836672261722306,-0.4817280136171922,1.1656412569178602,-0.07794293129276353,-0.0390290743651609,1.6098557980186339,-0.14900624570950516,1.1403220952838957,1.802964225398211,-0.5829821561540802,-2.9272258954614854,0.9962514068135371,1.4622681179753911,1.8861576094074328,2.8582892238960182,-0.7175127296507,1.730621267665243,2.3910004038894854,-1.1993815239524537,-0.49550435164455653,1.1926069546009224,-0.7085935114998092,-0.21560716393690216,0.08207016400436862,-0.017796067495489787,0.39027016435585216,0.12238986156223497,0.12598800871203553,0.07301641781969748,-0.6024817045736062,1.3613683822256384,2.486720490183284,0.589123367096493,1.0922480598950726,1.1288461815055042,0.41662483047490007,0.049264901686781215,-2.1689251076791636,1.380805782574566,-3.043416721405654,2.007868893437661,1.8827935396490454,-0.4764043219652021,0.552579785334594,-2.0178015690203455,-0.22351382213692572,-0.628425424504877
numHidden 	5
numGenes 	48
minGene 	-2.0
maxGene 	2.0
popSize 	200
maxEvaluations 	20000
mutateRate 	0.35
mutateChange 	0.25
seed 	1586118522631
random 	java.util.Random@5e265ba4
neuralNetworkClass 	class coursework.ExampleEvolutionaryAlgorithm
Training Set Training
Fitness 0.013190855253255607