0.01349223122926313,2.0875429997902417,-0.6889501188344851,0.14642069557883364,-0.6863868142368865,-1.0733630389411917,-0.9254855664139578,1.2466336644382823,-2.1027401321983703,2.2470606532811894,-1.7998174485484615,2.5998985419417258,-1.8565638006999876,1.919143640364581,3.9844413469676176,-2.4393698750534987,0.04625402356985475,2.1722324188348505,-4.4916997526740925,-0.33844356131480513,-1.1273799498370018,1.2077920416606283,-2.07295279567021,-0.07713115745914134,2.1692342065606995,-0.2765527775626877,0.415458806916698,2.2122942051274244,1.2328498608286438,-3.4682592923399653,-1.9661157569981826,-4.016574957807141,-0.8676414407199831,3.791369968251969,3.0988816341282854,0.14736978518975974,-2.9666288780930326,-0.609852410546468,2.647946539648128,1.69802587471459,3.425574854627655,-3.02208404819514,1.5312291546118266,-2.235990720257603,1.3902582780420287,1.0441291401759916,1.2939981161301706,0.25051035104905583
numHidden 	5
numGenes 	48
minGene 	-3.0
maxGene 	3.0
popSize 	200
maxEvaluations 	20000
mutateRate 	0.25
mutateChange 	0.25
seed 	1586096360884
random 	java.util.Random@5e265ba4
neuralNetworkClass 	class coursework.ExampleEvolutionaryAlgorithm
Training Set Training
Fitness 0.10605762877146697