-2.9342407309782548,-0.7279313779633279,0.36540923041407924,-0.4482881223462396,-1.388380275298707,-0.721573766917514,-0.6226450706110862,0.11214460051750397,0.36495507492107904,2.1501635931073384,-2.758584129714583,0.16126932268982674,1.1422451036860524,0.0166182128588499,-0.034888362059029676,-0.39627798699911954,0.572890814166161,-2.5302379687827505,0.09795361057121998,1.4673530887860458,-1.0389668639052343,0.9358015296770894,-1.3296288922978887,-0.4838731008361892,-0.9620090182385903,-0.20284676811042934,-0.6159949946805379,0.007592454768823975,0.9972247658117503,-0.05374703914726875,-0.11234155787294964,3.2265787920664395,-1.5833759828797491,1.3061710189886977,3.8423348283475685,0.4365323919112647,1.6983059334509198,1.019022833659722,-2.5895659983210266,0.4621814944938787,1.9940039167112866,1.4816792545555018,-1.7016821249821885,-0.24802305382205403,2.734515556288981,-0.050703972899634575,1.2880975556019094,-1.2839755821987542
numHidden 	5
numGenes 	48
minGene 	-1.0
maxGene 	1.0
popSize 	200
maxEvaluations 	20000
mutateRate 	0.35
mutateChange 	0.25
seed 	1586189718737
random 	java.util.Random@5e265ba4
neuralNetworkClass 	class coursework.ExampleEvolutionaryAlgorithm
Training Set Training
Fitness 0.02007550847607041