1.3998159010007312,-0.7484024543769299,-1.268859266972445,-0.20994680820762657,-0.4888196047301543,-2.1813062022095218,0.20437043511822095,-2.499518823874278,2.49688249222897,0.5982343261823124,-1.1050146127389562,0.005659191063918989,0.5053849562068842,1.6255090098765765,-3.457032511111862,-1.8438528821355415,1.1074844197633595,-1.771705573644689,-0.9243411635379735,1.0172281968188233,2.197887208604534,0.4773234627005687,-0.13944786048568325,-1.446762622623048,-2.270141848936218,1.0254010233784427,1.697463772559899,1.019443172602457,4.080915798827238,-0.315104358336431,2.0843923111123863,1.4756685282902469,-1.3985462692481048,0.7534956737206091,2.107771195366456,3.0584900571064417,-1.222925776265916,-0.1167260449502634,-1.5007717885710732,2.2465147234105656,1.4393263615441518,-0.8017396780687691,-0.2826258317512722,-1.4241151332855733,1.0884478197213188,0.4008799278790338,-0.8954543363822314,-0.38917627442288616
numHidden 	5
numGenes 	48
minGene 	-2.0
maxGene 	2.0
popSize 	200
maxEvaluations 	20000
mutateRate 	0.35
mutateChange 	0.25
seed 	1586118403656
random 	java.util.Random@5e265ba4
neuralNetworkClass 	class coursework.ExampleEvolutionaryAlgorithm
Training Set Training
Fitness 0.12566311175181075