0.9202887471401993,-1.1879036424357374,-0.7658453950111317,0.8872574263234487,1.3215205354122792,0.8985443573498431,1.5555969243523167,-0.4615129360984409,3.1138158369160776,1.269657538754845,0.23588425272887248,-0.34208041053707205,0.79950860246743,0.23631711273170097,1.9842314366167022,-0.1237169329808172,1.6339482528345597,1.3287435078064844,0.076049211372621,0.857432057737775,0.3695234111601742,-0.004282883846302488,-0.3482096938238568,-0.40188652127134716,0.5067454018711972,0.6162938052650959,-0.6869538519744991,1.150975282718213,1.2367776102432944,-0.03407905465308958,-0.052647976737170366,1.3551066809812675,0.20706408329593584,-0.5082478141697102,1.06667368888216,2.2775412758053624,0.7514758571135276,0.027348390503799225,0.11056368722150167,-0.499207043827236,-1.9513411679927577,0.4148435828086441,2.1434929437300827,-1.114363599539417,0.3070330023831256,-0.34695475787387675,1.4168765684623008,0.7449840093492461
numHidden 	5
numGenes 	48
minGene 	-1.0
maxGene 	1.0
popSize 	200
maxEvaluations 	20000
mutateRate 	0.35
mutateChange 	0.25
seed 	1586189829855
random 	java.util.Random@5e265ba4
neuralNetworkClass 	class coursework.ExampleEvolutionaryAlgorithm
Training Set Training
Fitness 0.015543355645799152