-3.2448937714795685,-2.785410431686059,-0.502253686757206,1.9106801688550732,-1.691816245149826,-1.9886351633543713,1.3604003997646315,2.5305222300010524,-0.9514388220585985,0.0905147232717729,0.15830228327796858,-3.527921543199231,0.5472367504087741,0.03904946050329272,0.5760517294600902,-3.193967555309344,0.5426466799368344,2.919337257880679,-0.21153252950747703,-0.3966065061362918,0.865026342140168,1.3172566045225746,1.1597930015327034,2.6933609543200525,0.018171522223636494,-0.13830243208892234,-1.6601041607039275,-0.590769452115298,0.3953460955223145,-1.5075491171964188,-1.1847395636513118,2.8601245077456916,-1.4349352692092765,-2.5531153570509444,-0.2246900358434365,0.8034352616190379,-2.041033717097747,1.3166634509777797,2.1448258926011174,1.167482742861675,-1.8720249272029257,-3.1558719254715157,2.810968134061884,-1.814006315025666,-0.7455646979790531,2.133811677737575,3.188634721462072,0.45562083642801277
numHidden 	5
numGenes 	48
minGene 	-3.0
maxGene 	3.0
popSize 	200
maxEvaluations 	20000
mutateRate 	0.35
mutateChange 	0.25
seed 	1586098359110
random 	java.util.Random@5e265ba4
neuralNetworkClass 	class coursework.ExampleEvolutionaryAlgorithm
Training Set Training
Fitness 0.10531196816553154