2.9098438915759277,0.33199053128557354,2.159413450459709,1.2835229880266206,1.957616260037848,-4.81459035576375,0.11884314081814118,4.498643711257495,0.6171005748876093,2.1538922465054675,0.8547878527917216,0.9937008690993347,1.9741282382479106,-0.4922158879289773,1.3668153494789008,0.6902824420807185,-3.14955533307085,-0.7476977876268083,-1.9525495074932406,2.638277954538688,2.8274820074828177,-0.2691285164617683,-2.676176811254967,-1.9911040576411412,0.3875056761146132,-0.2187093140493528,-0.409419369676677,-0.44487730118275204,0.786515614406468,0.5171162484635938,2.5972707252873355,-3.0110366328261513,-1.097812292453738,0.09180690872743913,1.1448116262550259,-1.4275368260664734,-2.44595176215018,-3.28666885026974,1.0120674525511824,-1.0578396638647982,-0.07802070242701342,-0.2879092819455584,0.7249572570668539,-2.465717950833881,1.4430615430027887,-0.12482314088342017,-0.4030701465379978,-1.0493513697371166
numHidden 	5
numGenes 	48
minGene 	-2.0
maxGene 	2.0
popSize 	200
maxEvaluations 	20000
mutateRate 	0.35
mutateChange 	0.25
seed 	1586118650112
random 	java.util.Random@5e265ba4
neuralNetworkClass 	class coursework.ExampleEvolutionaryAlgorithm
Training Set Training
Fitness 0.012776058514209116