-1.4338535451238894,-0.6784617245171234,-0.3703190822595701,-0.17943261399365995,-1.0483218616733667,0.1951658875945248,-0.15288468249962506,1.3991061818144797,0.90628616590324,-2.979722570435723,-1.328363939810977,-0.48857382110737246,-3.1299022575279727,0.7670106833803338,0.4762860164994649,2.127043373500258,0.8856715264253898,-0.8373633698390337,0.5154051330438014,-1.4127360946577983,0.6241953870655799,1.633514069360666,0.10819693196251445,0.9346168270324169,-1.049869595407387,-0.04322977788703497,-0.7570259724739805,-0.14793099114850983,-0.19707283517825047,1.658634195369813,-0.9894091289546156,1.8866422670249934,1.2623297230974133,0.1748648236528858,1.2697130873340488,-1.7331790389549897,-1.9358255316591961,1.3297304842810538,-1.2467875265940815,0.5704022244032971,-0.4535187529645499,0.5435143607527502,-0.5558819373033639,-0.49079235275491784,-2.218975673839748,-0.15546685474845057,1.2311942316683586,0.9193403273530452
numHidden 	5
numGenes 	48
minGene 	-1.0
maxGene 	1.0
popSize 	200
maxEvaluations 	20000
mutateRate 	0.35
mutateChange 	0.25
seed 	1586114979297
random 	java.util.Random@5e265ba4
neuralNetworkClass 	class coursework.ExampleEvolutionaryAlgorithm
Training Set Training
Fitness 0.010547806345571436