-0.40160023154221935,-0.7005488817208994,-1.6886131036054102,-0.13903834476565446,1.0503021756612627,4.162531796035602,2.2088176360370344,-2.4188219074413624,-3.282571659032869,0.2852281642338199,1.5097822069885076,-1.539979383304284,0.001352897700209521,-0.259431116550493,-2.810363991342733,-2.1841811743552872,-1.136114780016535,-2.2287052495392814,-1.3172754374656028,2.131941276326974,-0.9153111842053616,-2.278378663494525,-0.34646336345183215,2.3055813500004714,-3.1005309760754836,0.9315227276720455,0.14033784376930303,-3.4432116054109008,0.19347163830470837,-0.21462676038638895,2.5575523515779794,2.8995394596968023,1.032457851631282,1.3860738605651308,0.36933021270829425,0.5746925676572303,-2.6417563632404124,0.29259309228579866,2.760412535661053,-1.7197904527925099,-1.8416866144915711,-3.5868548119072807,-1.418423585945375,-1.5929150941372643,0.3389360651142086,0.23802746155398502,1.4856146368212721,0.04995934380744638
numHidden 	5
numGenes 	48
minGene 	-3.0
maxGene 	3.0
popSize 	200
maxEvaluations 	20000
mutateRate 	0.25
mutateChange 	0.25
seed 	1586096933549
random 	java.util.Random@5e265ba4
neuralNetworkClass 	class coursework.ExampleEvolutionaryAlgorithm
Training Set Training
Fitness 0.11972521462098858