-0.5942001030398796,-0.7085182425375391,1.4994138396011802,-1.2307638336703604,4.008217970363035,3.5025382355386476,-0.3974737120143299,0.7903012146344941,-0.6003902881838767,-2.3878454911096174,2.128955177788635,-0.891199888732169,-2.998049711411161,-1.5794706598258328,2.3958395594929627,-1.1274719354012737,-2.4597486180057775,-0.1769878590592553,-1.5431880017677497,-2.699563605062896,2.594829111561957,-0.2701252779104242,-0.3310208425303678,-2.189225379701293,0.4723489592427317,0.5270132544910231,-0.41219652438203713,2.757635072318217,0.4739565712436482,0.018680111218570605,0.9742511168804415,0.10274621954822294,-2.1522141199601306,-2.7632915388837094,3.501299903855905,-2.3635352288508824,-3.1403785038987673,0.6315466655758062,1.9871422872360434,0.5865308702168885,1.2494779068910482,-2.77121625990375,0.6601463809812724,-2.134743870378731,-2.136661853494004,1.0907038556844704,0.32587647195133407,-0.6945736183589353
numHidden 	5
numGenes 	48
minGene 	-3.0
maxGene 	3.0
popSize 	200
maxEvaluations 	20000
mutateRate 	0.35
mutateChange 	0.25
seed 	1586099098182
random 	java.util.Random@5e265ba4
neuralNetworkClass 	class coursework.ExampleEvolutionaryAlgorithm
Training Set Training
Fitness 0.00861166173223009