1.4113402704765892,4.509480427240229,1.865595515803708,-2.9714490284714135,-1.2360328353086412,-0.15526409265176877,1.739646520279008,3.7231337506273334,3.027614394202974,4.096805028590726,0.7186408376191724,2.791746158878502,2.036094491350033,3.1038389577503684,0.19258298917518513,1.43530572124522,-0.6098827000258051,0.7389921232592354,-0.7554981604894531,2.831446319334793,-1.8865410567123506,-1.5238831106909592,1.6038642379464365,-4.144333866876053,-2.8646456658586112,-0.40925000544529766,0.14822634232834275,2.108754808464858,-0.7405476402315934,0.5507703223030926,1.1320188961639825,-3.4968746944076488,0.8636579581803012,0.9694708288290044,-1.5009070279563432,0.8227849372844132,0.5966676979091821,-3.5347194708412744E-4,-4.749110053919515,-1.7287127495200183,1.7959936703712174,-1.5093426293896548,2.6448323753145253,0.8091187945872216,3.2487501102617724,1.111287262932617,-1.0122313877963403,4.306582976283635
numHidden 	5
numGenes 	48
minGene 	-3.0
maxGene 	3.0
popSize 	200
maxEvaluations 	20000
mutateRate 	0.25
mutateChange 	0.25
seed 	1586097096246
random 	java.util.Random@5e265ba4
neuralNetworkClass 	class coursework.ExampleEvolutionaryAlgorithm
Training Set Training
Fitness 0.03266264429260926