2.564723059151521,0.202482989739595,1.0018817411614793,2.6236036004652714,-1.3132900561622836,-1.5629229425939193,-2.328091993565333,-2.2134293867716632,-2.8012092665674753,2.3122142310151714,-2.391716902334007,-0.21707061282866924,2.3606287779939494,-1.2338291935315586,-0.9265145135605035,1.6091141691207866,-0.3760040996481564,-2.524106253449701,-0.31139982087053,0.030947495219467047,-1.0277803109836716,1.1081542094931098,-1.1178444538741392,4.607290649140567,2.826537717555601,0.6302086640550137,0.6761004595684073,0.9445597353300492,-0.0461299644123474,2.1471908193814295,-2.288795083555248,-1.2344613813658096,1.9804393595050525,1.5752563617307391,-2.447159484347641,-4.063526268685705,2.223092422383841,-1.761201805440523,-0.85573671098776,1.5944776321145238,0.34509850143849485,-2.5531535426109278,0.7882020937402636,0.20281753163671912,0.3256197244797625,-1.7419339642085205,1.7387190498349856,2.484712207242592
numHidden 	5
numGenes 	48
minGene 	-3.0
maxGene 	3.0
popSize 	200
maxEvaluations 	20000
mutateRate 	0.25
mutateChange 	0.25
seed 	1586097926709
random 	java.util.Random@5e265ba4
neuralNetworkClass 	class coursework.ExampleEvolutionaryAlgorithm
Training Set Training
Fitness 0.04127811827898267