2.6155342415565324,1.7440054704563686,-0.14626754542035147,-0.8203435158542836,3.42616457070057,-2.0005399167232234,-0.4876502726355243,-5.673037992351022,-1.377454287951572,0.9295800982470555,2.773215022766797,-0.6125351704488384,-0.6680068652801321,0.7957568820824603,3.1792434717540523,-1.76391452634011,0.7082803205547581,-1.8921819249528955,4.375660636664601,2.2065014579966533,-0.17285129325697213,-2.216457214787786,2.5933341680208972,0.7936475189825263,1.9694806217676168,0.9297725981349698,2.1837993132708657,1.8730410600617189,4.002523570937212,-0.3203731921515862,2.67320428852034,0.8392209301772708,-1.807399826121411,0.1902535436316457,-0.8558048974752035,4.704251709747126,0.8432870674340052,0.26296990555932354,-3.465941565318742,-2.476580587230772,1.1510894015845903,-0.9074344709570807,3.654237300653125,0.7789189627143189,-2.143811058031207,0.3849669626123706,2.3906303515948233,0.05350163557362553
numHidden 	5
numGenes 	48
minGene 	-3.0
maxGene 	3.0
popSize 	200
maxEvaluations 	20000
mutateRate 	0.35
mutateChange 	0.25
seed 	1586098537155
random 	java.util.Random@5e265ba4
neuralNetworkClass 	class coursework.ExampleEvolutionaryAlgorithm
Training Set Training
Fitness 0.10437612242254136