-0.038332046005284504,1.9665454672821285,-0.7603484646735028,1.7630103080373338,-2.0837398259007873,0.46846623718601244,-0.1448115173030935,2.3937323025495827,2.0587615157324946,-1.1959782877917653,3.6531345077808783,0.24687265505489098,-1.125247894357125,-1.4520293645113858,-1.199917850497381,3.1958015688881716,-0.1285164705848043,3.2364572422308813,-0.457248947366093,-1.579119975418703,0.7370748451531819,0.9989254165400014,-0.3647213974734278,-3.2328650165357864,-0.33057043710014966,-1.751893118170484,-1.4688252464016207,-0.0743988201636796,-0.7208891962056683,1.71659438594686,1.2275708944554946,-3.7663191666212477,2.92158153269067,-0.4984380484900037,-1.9306779027506913,-3.018334456516904,-1.047111056119609,1.0897387803242493,2.4279392235091617,-1.6081366509279391,-0.020954211810769507,0.33278865952520675,2.465250789321286,-2.5964282542398776,-2.316969150393384,2.7787989747596864,-0.8258820291493669,1.551431575231299
numHidden 	5
numGenes 	48
minGene 	-3.0
maxGene 	3.0
popSize 	200
maxEvaluations 	20000
mutateRate 	0.25
mutateChange 	0.25
seed 	1586095594777
random 	java.util.Random@5e265ba4
neuralNetworkClass 	class coursework.ExampleEvolutionaryAlgorithm
Training Set Training
Fitness 0.10095652584583877