-2.749965596360935,-0.5052627672519625,-0.3954964662299052,0.25892563607124686,-2.8906880160475583,-2.1751803179017735,2.5844446428755834,-2.9722368962403642,1.6335053397102088,0.5340838518174542,-0.8527930560886852,0.11509373076844565,0.8929386368639634,-3.8716699662026866,2.4638557263754572,0.19111902608107156,3.0814227717781497,-1.1342628088032751,-2.6373326165952227,3.1164390585068453,-0.06654763717287215,0.2116810502138975,0.5414265844209791,-0.9110655054730521,-3.2096353135670235,1.5273361861825725,-0.1815745188681097,2.1815084287777635,-2.692657101154161,-3.6415415997119114,-1.3877107126852741,1.70251157894358,2.861505568440074,0.36847490843674535,-0.4971373902828997,6.332159314739103,-0.5228172791775734,2.825245774533771,0.32499876781901005,-1.8027687126132,4.02784063504069,3.1035936428874544,0.7842064614073383,0.4428336880801993,-2.39502783104168,0.6559318573920763,0.05771335105267639,-1.3060181158702795
numHidden 	5
numGenes 	48
minGene 	-3.0
maxGene 	3.0
popSize 	200
maxEvaluations 	20000
mutateRate 	0.25
mutateChange 	0.25
seed 	1586094301440
random 	java.util.Random@5e265ba4
neuralNetworkClass 	class coursework.ExampleEvolutionaryAlgorithm
Training Set Training
Fitness 0.012120193675453698