0.586997294517843,0.8091167937571981,1.30000942348294,0.17213276094115826,1.707707527542754,-1.9557255738916468,1.5295280029519454,0.32704143278810616,0.0787375813102329,-2.2788744147712676,0.4417528741562029,2.030337950949737,1.0814424591974123,-0.432565691621567,0.43542308120533324,-1.0936701617785465,1.8306735851059335,-0.4411779656896151,0.8985301252851117,1.3548738820216957,0.6668706223340268,0.21945977152972906,-0.8221264032324458,-0.20711191956700703,1.1602254732885586,0.09359957460703883,-0.6646221627930189,0.11214347326606511,0.7510021856825457,0.32306490934755017,-0.46502078172915695,-0.39025534550835816,-1.144824611458757,1.299022666547964,-0.6097756126948604,1.2121608430595188,-0.4678716857124712,-2.047937068428833,-1.3484537024430767,0.19062232544424407,1.141229133371764,0.40281511975843043,1.4735131841513793,-0.9948495883365029,-0.19331784077545966,-0.0839670190475501,-0.5738253571468994,0.6664421709622503
numHidden 	5
numGenes 	48
minGene 	-1.0
maxGene 	1.0
popSize 	200
maxEvaluations 	20000
mutateRate 	0.35
mutateChange 	0.25
seed 	1586116151482
random 	java.util.Random@5e265ba4
neuralNetworkClass 	class coursework.ExampleEvolutionaryAlgorithm
Training Set Training
Fitness 0.006953025723420957