-0.7850818217318489,-0.18172588163193493,0.14675019236227027,-0.5579607499817472,-0.45107508487386316,0.8295984677260508,0.4888791131803336,1.1552926493770905,0.14055223649393933,-1.4901999897579827,-1.8072315529508105,-1.0625343641102503,-0.2503607154542986,-2.353872281218829,-0.3768583382633348,-0.9485751971594907,0.9551423349660528,1.2343850159794136,-1.077322704188685,-2.2905966945035843,-0.18429952621917023,0.5120872062366708,-0.9984981854411239,0.9467199647146356,-0.543496346798716,0.3363319144392156,0.18739012551831635,0.2809163295880668,-0.20605079254665837,-0.23125116342232754,-1.508675678135123,1.0509030992206885,-0.2634727161546193,1.3099719208050695,1.1012648049909162,0.9420372933774526,-1.1101720330936993,0.6186565753708495,1.1876909442700754,-0.8731222362820832,0.7955163629511217,-0.24485851352956112,-0.612328631224178,0.6876965021789088,-1.9514250106190654,-0.742566256274283,-0.5700724916871516,-0.96435009391254
numHidden 	5
numGenes 	48
minGene 	-1.0
maxGene 	1.0
popSize 	200
maxEvaluations 	20000
mutateRate 	0.35
mutateChange 	0.25
seed 	1586115632648
random 	java.util.Random@5e265ba4
neuralNetworkClass 	class coursework.ExampleEvolutionaryAlgorithm
Training Set Training
Fitness 0.00806835046994011