-0.3781528325143222,-0.1552725445547971,1.68884892205244,0.24445504665978013,-0.21654236547281935,-1.9676528710892662,0.7062865389818542,-0.51370793936912,-2.0130023331679787,-0.24628012355832318,1.366728925619177,-2.3899754777240547,1.6760704683370822,-2.7068754496028147,-0.9386978353562421,-1.1094700619487126,-1.4243329414094565,-0.26409003688563115,0.02865476835417713,-1.4106657840702426,1.012490581416877,-0.9923999285191776,-0.054587340895662084,-0.6068719766031396,-1.0637363495277103,-0.9671790344265112,1.8410614504865372,0.19930847883449032,1.5124409138450847,0.4396469767788127,0.3063102602460215,0.2805884965361054,-2.5678596508027813,0.9009809930024559,0.8956329696215815,1.432984250785146,0.9229961642631592,-1.8169030086265212,-0.13117602289486108,-0.153745584088274,1.3450284027962929,-1.4875090843694376,-1.7769553232091235,-0.11686804188686506,-1.0314868450085248,-0.2743003198059699,-1.6640210792848122,-1.5365453911620799
numHidden 	5
numGenes 	48
minGene 	-1.0
maxGene 	1.0
popSize 	200
maxEvaluations 	20000
mutateRate 	0.35
mutateChange 	0.25
seed 	1586115802985
random 	java.util.Random@5e265ba4
neuralNetworkClass 	class coursework.ExampleEvolutionaryAlgorithm
Training Set Training
Fitness 0.008092356150182004