-2.9397646387678638,-2.2051052641975133,-1.2351601164460098,1.541343816890084,-0.6437007317190964,-1.1236638844413913,-1.7656527495518297,-0.035724769118204325,-2.5999877899719395,1.19042541401716,-2.096316178419594,-1.029639257541787,-1.5770325633785265,0.5668414899239527,-0.4856907054559967,1.382582346541278,-0.7629437424953838,1.6651597924410892,-1.9945120527027314,-1.1161893554300581,-1.3439108241386148,1.595994829287561,-0.3909314296902737,0.35573811371762076,1.2525349180199816,-3.120145971228953,-0.30502978723321306,0.3485532837175018,0.03934233611998961,0.252614231472748,-0.884456954406847,0.30159537405549974,1.0144674017023805,0.8304374245232351,0.7071282803642673,-1.2983653535016102,-1.7716157351872939,2.2758507577335063,0.3922998564190028,1.5568310189686452,-1.6174861604261892,-1.8893808095145381,-2.7635747067754184,1.130827240658387,-0.06083844654946935,1.699948695726953,-0.6526608747009246,0.5728427413404011
numHidden 	5
numGenes 	48
minGene 	-2.0
maxGene 	2.0
popSize 	200
maxEvaluations 	20000
mutateRate 	0.35
mutateChange 	0.25
seed 	1586119413966
random 	java.util.Random@5e265ba4
neuralNetworkClass 	class coursework.ExampleEvolutionaryAlgorithm
Training Set Training
Fitness 0.022776128857672318