2.937166984148936,1.094016482593882,2.4076819981113413,-3.68831459816509,3.127989748450278,-1.2597538121882819,2.8718741622673125,-1.5568612818435597,2.0633564242114155,1.229630756127297,2.0525319631832764,1.2645535868481819,3.971773068506711,0.6633478425160977,3.256025356432237,-2.2865411217644285,0.44458470685517604,3.799053449445837,0.15110620484370862,-0.7701627818643946,-1.7285756441267495,-1.3514739885432796,3.616522174026838,-0.7288623751257104,-1.6740845312284822,-0.2506710837964379,-1.906191386651714,-3.1221371446487733,3.979349164810465,-0.5099347733105528,2.5196608685313295,0.32067389130672463,-4.23970670337734,1.0934165172173471,0.7462730707561835,0.9283174690385447,1.4058246185042687,3.7732576136278677,-1.8704860684571774,2.4515392469474575,2.3153067926798574,1.4317567570928524,-0.8262049148412101,-3.7384942451077006,3.470379030789239,0.5494729412971804,0.26897028919960064,-2.43788170353529
numHidden 	5
numGenes 	48
minGene 	-3.0
maxGene 	3.0
popSize 	200
maxEvaluations 	20000
mutateRate 	0.35
mutateChange 	0.25
seed 	1586098441162
random 	java.util.Random@5e265ba4
neuralNetworkClass 	class coursework.ExampleEvolutionaryAlgorithm
Training Set Training
Fitness 0.021944560164237764