0.829699021109362,0.273167798854727,-1.7011041653043903,1.1876721664867564,0.09181590858291755,-0.5050092661359111,-1.4339137585996258,1.993411327055177,-0.9911144764164062,0.7216152802825975,0.9174632233585964,-0.38354375268263863,-1.2272666578910463,2.9016402172127087,-0.398379940728963,0.938275328966026,-2.139586912338014,0.5036807866219224,-0.4337046020026456,-0.36308983197624634,-0.3406106334345598,-0.49676732023667936,-0.6736680719745043,-0.32834140622120955,0.2729897480439518,-0.4629355360746661,0.04416111451353122,-0.3495956095999928,-0.17105931668181418,0.27695689099118814,-0.3299563746602008,0.44488875615774703,1.0532560890478355,-0.032813953944838437,0.4599969342931278,-1.1569522998789856,-1.6263010942203977,0.5252258530189571,-0.02745422943262099,0.013866095746863483,-2.8685091407007324,-0.6272774056366146,-0.5088663548128962,-0.6409709452036478,-0.3931028227781841,-0.7561267783770711,-0.022763108139843835,0.4369780671897927
numHidden 	5
numGenes 	48
minGene 	-1.0
maxGene 	1.0
popSize 	200
maxEvaluations 	20000
mutateRate 	0.35
mutateChange 	0.25
seed 	1586114850688
random 	java.util.Random@5e265ba4
neuralNetworkClass 	class coursework.ExampleEvolutionaryAlgorithm
Training Set Training
Fitness 0.008111950004328215