0.31632844935175486,4.321848836232453,0.3411402180039853,-0.8488106286321964,1.871343270423008,-4.920875577599505,-1.8205007302241647,2.0119719930761732,1.6441988244312689,-0.20790463633794642,-0.3840592706019046,-0.38570079679173297,0.36490245479463246,-3.5053628330820863,0.7714236927693001,0.3807654135738652,-1.7044656577265376,-0.5197616587389882,2.8271915140336796,3.238942694888565,2.9673965508770497,-2.0710729148293456,3.4091630837591147,-5.100307399071654,0.7572485821556825,1.6998072832388091,-1.1787317900532939,-3.9295341119996694,0.20662119023955228,3.9270820562026127,-1.9262895755152045,-2.3493508348113465,-2.505941299566774,-2.827321383552306,-1.2482495902753903,-0.8350008629933168,1.9135030489398588,0.6913194343245552,-1.19228647177979,-2.1623073812629396,-2.4071152470322845,1.604124503781331,1.0835318882494986,3.04350381288193,-2.2446451653704473,-0.5454431122695222,0.283244644468152,1.894102830242006
numHidden 	5
numGenes 	48
minGene 	-3.0
maxGene 	3.0
popSize 	200
maxEvaluations 	20000
mutateRate 	0.25
mutateChange 	0.25
seed 	1586094808984
random 	java.util.Random@5e265ba4
neuralNetworkClass 	class coursework.ExampleEvolutionaryAlgorithm
Training Set Training
Fitness 0.10602866222702444