-1.508587046852135,-0.2183517587484769,-1.4595169570386766,0.7608582385498925,-0.2643469779882617,2.5705371835868682,3.867166696297679,-2.0688655593884304,0.8722059456230009,0.968221894098459,-1.2407652804127882,0.06106086858446136,-0.3346620066844368,1.4371946975589451,-1.612399609321995,0.3926511471476015,2.476902764229955,0.17135249928732588,0.9313945493408675,1.790343123251814,2.308168761206608,-1.8103055036651936,-3.0900509072026274,3.101408621172749,-1.58275652490391,3.8980603941179712,-0.16246070858022899,0.420773037620241,2.937572429071442,-2.4873571212368613,4.512104973775988,2.4069114157254594,-0.13365328287156553,-0.458249140249535,0.28627723052109566,2.4419733448864154,1.4225146432734324,2.762525542547884,0.39364618081220737,2.2632731239043284,1.8424525613802603,-0.9429453250723663,0.815319841004694,0.9647648128435353,-1.3127936060948517,-0.9124438927831973,1.2714258155385534,-1.523890998020395
numHidden 	5
numGenes 	48
minGene 	-3.0
maxGene 	3.0
popSize 	200
maxEvaluations 	20000
mutateRate 	0.25
mutateChange 	0.25
seed 	1586095217456
random 	java.util.Random@5e265ba4
neuralNetworkClass 	class coursework.ExampleEvolutionaryAlgorithm
Training Set Training
Fitness 0.12656056861119014