-2.642965179636892,-2.4896995865241447,0.19036426771988513,-0.2555775395070019,0.8691175633817103,1.941367957932762,-2.4219690929988715,4.254559274337632,1.0527049449127226,-1.763614011209751,-0.8769639935628444,-0.9613157313603127,-2.020461720242695,-1.3183308081886023,2.1776216209261565,1.2862457421917268,3.3616168953850547,-0.754690702664301,-4.295202449815974,-1.4105804032940177,-0.3312425872532341,1.7479049580535095,-2.8510643184310336,-2.2964320800354465,-0.37474424157201636,-0.9079947064971337,0.5289439150387203,0.228197249351612,0.5885206010023583,-0.3047732707741755,-2.4315917763340873,2.313336140729032,-0.3300312435191026,-3.4487032693236737,2.2532710908565496,0.2442977198807188,0.5033946496598523,-2.189921488722684,2.4712774474204284,-3.056658346630586,0.2984487592716558,-3.0780760775986495,1.5885999978333025,-0.7002050840855416,-1.5132198187666193,1.7335022626461187,0.2077214842382613,0.050737574355642856
numHidden 	5
numGenes 	48
minGene 	-3.0
maxGene 	3.0
popSize 	200
maxEvaluations 	20000
mutateRate 	0.35
mutateChange 	0.25
seed 	1586098622349
random 	java.util.Random@5e265ba4
neuralNetworkClass 	class coursework.ExampleEvolutionaryAlgorithm
Training Set Training
Fitness 0.008500163781009309