0.6377794327157273,3.1134424856672895,0.36969095118541695,3.247352150133187,0.3326104846212381,2.631159648008703,-1.3538725818745996,2.218799220614404,-0.5196326777387172,1.0408022462509736,-0.1273797119981861,-0.4125801025448048,-0.7768466016371216,3.5252904556647593,-0.5020736280201898,2.1290066132871894,-2.5461366411995465,-2.369015037203795,1.4505776572712321,2.2869330543051243,-0.8574810921638494,-1.674185493431551,0.9226169405723343,2.2021394306694067,-3.378360726275652,-0.8619947778583268,2.2093845206795937,3.869710358027996,-0.5090123692471784,-2.320204186403986,0.5342502433042817,-2.575330278681499,3.886016432025613,-1.5711215795264222,0.7149190985534402,-0.5282736075220145,1.6258193263872478,0.3961684063427793,-0.10682676943081315,1.4733148586767122,0.46538320589121973,-0.4981390872377123,0.8526486294198565,-1.5026179784828395,0.07341657618616892,1.3625970224139419,1.93947512606257,1.35098378633527
numHidden 	5
numGenes 	48
minGene 	-3.0
maxGene 	3.0
popSize 	200
maxEvaluations 	20000
mutateRate 	0.25
mutateChange 	0.25
seed 	1586096483510
random 	java.util.Random@5e265ba4
neuralNetworkClass 	class coursework.ExampleEvolutionaryAlgorithm
Training Set Training
Fitness 0.10467206926021828