0.6279118299551127,1.7236544148410031,-0.21422992495426474,2.341716729322191,1.6792952605189235,1.349463617993539,1.2743387849531427,1.581483216048996,1.4240108134410292,2.5498320634490685,2.280934878429192,4.4191683206467385,-0.9999166670007469,2.692956255854436,0.7586056974598065,0.4949370245733211,2.7219240117958385,1.720951030042861,-1.1873649085899238,0.22550667830270266,3.386878736489253,-0.023937870031632613,0.4320823649466763,-2.5195485208618136,1.7543134440801147,-0.41241643440148046,-0.24936091923296066,-0.8594057888614017,-0.7166432571732837,-4.0691051726210645,-0.2460208929884029,-0.18936108553830922,-1.0755955168184963,-1.3866112851951624,-2.5964891788851725,1.495310529682485,-2.594022645972792,3.3229232896769094,3.6366776951444617,2.272875171594711,-3.9574974763049857,-0.5572093436480674,-4.368317835182396,-1.5879732644312963,-2.139919973571536,1.3430510795369184,-2.1602504593323735,-0.7722692375588798
numHidden 	5
numGenes 	48
minGene 	-3.0
maxGene 	3.0
popSize 	200
maxEvaluations 	20000
mutateRate 	0.25
mutateChange 	0.25
seed 	1586093865414
random 	java.util.Random@5e265ba4
neuralNetworkClass 	class coursework.ExampleEvolutionaryAlgorithm
Training Set Training
Fitness 0.09453235915262544