-0.7800142179512868,-1.3423982483607002,-1.2190797402676257,-0.9590323078547129,1.08046191848435,0.3632440849557481,2.6632736879948116,-3.1428222835474537,2.349673290960908,0.18907523794053738,-1.185992204257357,-0.9480087743479972,-2.687220153223227,-2.595243687935066,-0.617431293728929,-0.7181664565568737,2.864196457194165,1.6045776791250628,3.222521484613538,-0.5959602836808056,-0.5484195040777164,0.30927570340635846,1.857140477193969,-0.3528599712240743,0.011432720459348289,-0.7824717705364268,0.09002250784365451,0.5234453216680137,-0.61571205269267,-2.686633047248205,-1.6155538383147396,-1.8069003226616562,2.3908299576967407,-0.661520849586352,0.422299657343264,2.63525311745504,-0.6188733042620731,3.1286053776982694,-2.271980658455197,-1.1840102911611772,2.8875394368506875,1.4909726482821073,-2.344919237079809,-1.18586917714596,-2.9822807988174693,-3.5850589802973767,-2.6177991070731568,0.0750214803452276
numHidden 	5
numGenes 	48
minGene 	-3.0
maxGene 	3.0
popSize 	200
maxEvaluations 	20000
mutateRate 	0.25
mutateChange 	0.25
seed 	1586095829680
random 	java.util.Random@5e265ba4
neuralNetworkClass 	class coursework.ExampleEvolutionaryAlgorithm
Training Set Training
Fitness 0.006840681676029183