2.022369680524661,-1.3910858918003703,-1.3663000609142113,-1.3354856751040776,-0.4958756249568652,2.0302845387275044,1.3200598110138335,-1.6391550917266478,3.1045036024092427,-2.5412175908427144,2.9307849167059317,2.9252348538054314,3.1358724018301185,-1.8092413987222695,-0.6920836244473669,2.9452379662966255,-0.47127785140533307,-2.7303307180296654,-2.0736050171075666,-2.310085214811334,-0.9107881261844177,-0.03993302831738865,1.4553322676519294,-2.978238736978628,2.9145071819515938,1.750222565087749,-1.378543870187148,0.3564037665770732,2.8537939481763246,-1.6706367529552315,0.4217922501079636,1.0799102076583873,-1.98191926225181,1.5851175427589492,-1.5583810950839627,3.026928297075232,1.1446359473760728,1.203872605686465,-2.0697731353150086,2.0037220431293186,2.1121416072370227,1.9313540081619482,3.120992656830599,-2.341467070409617,-3.919619405005272,1.9628494206955507,1.5537610653516012,-0.9924427188064131
numHidden 	5
numGenes 	48
minGene 	-3.0
maxGene 	3.0
popSize 	200
maxEvaluations 	20000
mutateRate 	0.25
mutateChange 	0.25
seed 	1586095701498
random 	java.util.Random@5e265ba4
neuralNetworkClass 	class coursework.ExampleEvolutionaryAlgorithm
Training Set Training
Fitness 0.11472842731860249