1.0893774733481887,2.5537955586128405,-0.47705338682290144,-1.9050641260866321,-0.9231129729237377,2.4106790428173985,-1.0149994277699035,-2.0275209405329395,0.7010510940858694,0.27784739776339196,-0.4789955553520606,4.028077768066556,-2.4645322319518383,-0.6464996739462854,-0.18912350090926378,2.460667588635385,-2.4178490857505945,-1.3393237637959396,-0.016533068807963236,3.282954931329659,0.6095535576638964,1.5057893394900423,2.2434105033833536,0.5088394833951311,2.2571381953900236,-1.967078157135517,-0.06594917479622353,-0.27889375542689354,-2.190491858609418,-0.090790328472929,-1.034182488220781,1.5732807477598474,1.767724794376213,2.0106461339025925,-2.892199192687002,-0.5427212668363466,-0.9924548692694843,0.9991108727391884,-1.8538804463841578,-0.8162911281432006,1.16392176359685,0.6404184813319462,-0.3939505502005263,0.8244295189645454,2.6682185999437245,-1.890339408803194,2.1157251318147052,1.857188860506195
numHidden 	5
numGenes 	48
minGene 	-3.0
maxGene 	3.0
popSize 	200
maxEvaluations 	20000
mutateRate 	0.25
mutateChange 	0.25
seed 	1586095049140
random 	java.util.Random@5e265ba4
neuralNetworkClass 	class coursework.ExampleEvolutionaryAlgorithm
Training Set Training
Fitness 0.0068690827226758604