1.0865823433910773,2.3500698192839558,2.6278668152526237,-2.198355578256405,-0.35089180952180365,-0.7566081271649505,-4.142410759284748,-2.1776555063136174,-1.293614604014004,-2.459690144325246,-1.2525959416735288,-1.14379891180009,1.5021946643473676,-4.28789378704967,2.40981609223485,0.22932944096251417,-0.18859966387903793,-2.990009984014895,2.3093055987863087,-2.4633263491496242,-0.2523441912759221,-1.875799942590493,1.64707785801279,2.6246670529004623,-1.8201666900413331,-3.6558488451030717,-2.723739650660521,0.4651659291725032,0.6372438410970229,2.5952951765765615,-1.1882089142870838,1.3851909283489192,-2.551051731767828,-2.172021815564495,-3.4417689933002267,-0.43962135294989046,-1.08480622809526,0.2706818152851449,-1.7247871856949284,1.310897828696704,2.54924518900671,-2.4653488678258437,2.3842248155983894,-1.193052439775522,-1.644386540936388,0.4690161421934764,-1.758085312991712,0.04681394090191304
numHidden 	5
numGenes 	48
minGene 	-3.0
maxGene 	3.0
popSize 	200
maxEvaluations 	20000
mutateRate 	0.25
mutateChange 	0.25
seed 	1586096023994
random 	java.util.Random@5e265ba4
neuralNetworkClass 	class coursework.ExampleEvolutionaryAlgorithm
Training Set Training
Fitness 0.09568203352595912