-2.128058174181156,1.805702605808663,-4.305762840855088,0.9431199017283789,3.65758274054678,-0.4567084471531917,0.050081091725755034,1.2928663654945156,-4.48462983057867,-2.099132798247024,-3.3709257459891164,2.6099438381340114,-3.813321169945743,0.2153049375465681,3.7708642368850134,0.6536687825341021,1.9825485052280873,0.18892201046183588,-2.5431188819251016,2.304536318467827,0.9568690680349126,-1.6992682126091738,1.1756297841968832,0.9411640484768302,1.5846130082040193,0.4226198857768577,-1.0905455063716776,1.7936118179614722,0.7360722529013035,0.034427258015698126,1.7046297431509343,1.8613982128656827,-3.1857758263751865,1.929967088678656,-0.9184465656236769,-1.548673740112462,-3.3139739695560717,-0.258448392947237,1.0242366508378096,0.29453101920112346,-0.010392019625006021,-4.516348052354242,2.708211212666021,-2.7060417899204916,-0.21199434497441283,3.8768598160903345,-1.5166064872491125,1.7327767584460485
numHidden 	5
numGenes 	48
minGene 	-3.0
maxGene 	3.0
popSize 	200
maxEvaluations 	20000
mutateRate 	0.35
mutateChange 	0.25
seed 	1586098851241
random 	java.util.Random@5e265ba4
neuralNetworkClass 	class coursework.ExampleEvolutionaryAlgorithm
Training Set Training
Fitness 0.008868122432653574