-2.4196187879752897,-1.8350734280031396,-0.602319245827462,-5.06702319435046,-3.15967518591758,1.409837794173706,3.553156628574193,3.4433598153506466,0.8471416677714996,0.7906229140024763,-1.5173758621482554,1.265443334417859,0.5727161347040388,-0.39809609311656935,-0.9933285474402798,1.1402260544723788,-3.2769185981497735,4.1014451136681656,2.208804952478858,1.2543338192622655,-0.3496228737937259,1.7523739298503758,0.577660798148715,-1.6403890598998254,1.6908759390031198,-0.31002236624470836,-0.6032113844512459,-0.32805282050991313,2.4114409193789923,0.40471596030514156,-1.652233642202181,3.2978110258391213,-0.3020547316274387,-1.2438659657421365,-1.5376719048247134,-2.9712367495811813,1.7578596340180974,0.4929066503863888,4.166606716303012,-1.376482910606132,1.9353831847641079,-0.7977056733814587,-2.044483336616625,-2.336090283901174,3.0011668764032198,2.7978352084030975,2.7177247437214715,-1.0245524754866437
numHidden 	5
numGenes 	48
minGene 	-3.0
maxGene 	3.0
popSize 	200
maxEvaluations 	20000
mutateRate 	0.25
mutateChange 	0.25
seed 	1586097392473
random 	java.util.Random@5e265ba4
neuralNetworkClass 	class coursework.ExampleEvolutionaryAlgorithm
Training Set Training
Fitness 0.026187861193643094