4.3839606050055,0.8701655818843674,0.9440424486446202,-1.6389669298764096,0.36720471879235195,1.0721466206426764,1.7393792131872332,-1.3157769250992821,0.03671029815476823,-1.0072814707860194,1.1329512102100314,-1.3261075009063688,-0.6487236087964456,3.7951743571527654,2.458716344448691,-0.7118242792031553,-0.5132740601283992,-2.3073879290795056,0.39831472239210886,3.113504539388819,-1.726022338364587,-1.593134337898963,1.5311488642560982,-0.4223468082947379,2.2133376796153574,0.7576421891328118,0.3862833155077823,0.2620450638079683,-1.227344612958623,-2.7532649792147406,2.869820581505023,-2.1401691252826813,-1.0847355276863095,-2.978288622013688,-1.5078065966422032,3.6582779196413764,1.6669145494227822,1.2480050331336043,-2.5044086364758176,1.1310410994653401,-2.7308220949345876,1.187876523812184,-0.2174767344506474,-1.4420802945776847,-0.9199021669462701,-0.5707664694999268,-2.027701538420358,0.546732179997202
numHidden 	5
numGenes 	48
minGene 	-2.0
maxGene 	2.0
popSize 	200
maxEvaluations 	20000
mutateRate 	0.35
mutateChange 	0.25
seed 	1586117291197
random 	java.util.Random@5e265ba4
neuralNetworkClass 	class coursework.ExampleEvolutionaryAlgorithm
Training Set Training
Fitness 0.04475247575613779