3.0714440968658057,0.7053226664567869,-3.249190993650866,-2.2391276671157465,3.0125167211334665,2.1140671384298733,1.4200429098374583,1.5389177289130753,2.9531783534284664,2.7356992430384555,2.598605870965941,2.7999454586208588,-1.9187099470861075,-2.7279220533815796,-2.6979767725080244,3.152695132039634,-4.428455415001589,3.1009361501929664,-0.6994454043962981,2.4046637636057264,2.150090715619254,0.6257776944093001,-1.530706158129608,-1.0451748868499924,-2.932502901175554,-1.6519989904096848,2.1234826879239996,-0.22280098365140155,0.6840945772752933,-2.070744500978434,-3.676650699510512,-3.0580156675160524,1.4166593582605511,1.9788327972545714,0.6464597359477668,1.3065216073739174,-0.9721764240906261,-1.044807847805815,1.376738491941187,1.1313939414925516,1.159515709849324,1.6625142108063367,-1.5520102216048786,0.43752296088487785,0.8691630168782671,2.6024795629437154,-2.1940818318612627,-1.0818359410882277
numHidden 	5
numGenes 	48
minGene 	-3.0
maxGene 	3.0
popSize 	200
maxEvaluations 	20000
mutateRate 	0.25
mutateChange 	0.25
seed 	1586096281253
random 	java.util.Random@5e265ba4
neuralNetworkClass 	class coursework.ExampleEvolutionaryAlgorithm
Training Set Training
Fitness 0.09750157902793478