2.9897390400651584,-1.0388573598505537,-0.5419125390117676,1.5775182067630515,-0.574340424804157,-0.43591142854968123,-0.14310722635179118,-1.467527996207798,-2.3290697094314026,2.163505116370166,-0.12243434961414223,-1.1057402674963206,-3.5955808737478225,3.050671031632495,-0.7126911858355678,-0.04479931112476487,-0.35563359546907236,0.7774803075448395,4.254282135510578,2.9526338429908607,-1.6886845860117634,1.240017540461328,-0.545706257481597,3.276234027030134,-1.3975732860323729,-2.398969077232675,2.0847923932573584,2.132358441247952,3.0989904652529647,0.9355168610096367,-1.5273770945829268,-0.6622754727156597,1.7926223343644319,1.9191795735596342,0.9444297708622109,1.5690177227585496,2.6668025348319944,3.252576418152885,-0.7014863813917005,-0.5131721722256772,1.6090846138236712,-1.175694843202424,0.07437049511062455,1.9316026292769672,2.005478011523712,0.36463770886137503,-0.6389379583273831,0.35611243473622345
numHidden 	5
numGenes 	48
minGene 	-3.0
maxGene 	3.0
popSize 	200
maxEvaluations 	20000
mutateRate 	0.25
mutateChange 	0.25
seed 	1586094187937
random 	java.util.Random@5e265ba4
neuralNetworkClass 	class coursework.ExampleEvolutionaryAlgorithm
Training Set Training
Fitness 0.11147648011747015