0.35882013310627325,0.9182818990845938,0.9119270759289533,-1.623546319211604,-0.48270805260077143,-0.07424310507926402,1.949445480566709,2.7887861981685536,0.09464123810364633,-0.7828131521310637,-2.943747352525877,-0.840364699699067,1.5128955369468624,-3.994987222032978,2.2828894559850266,1.28398236600039,0.3413005540608238,3.8089368310359912,-0.8391739603334112,1.1682865399999,-1.3201839437144587,0.10026857636286834,0.5081187379350229,-0.018373005816917143,2.32631045343906,-1.0008832118024245,2.322078347129083,0.14205784313779546,-0.21132982570697623,-5.078903554398484,1.6277862115363826,-1.5153503083033657,0.9901516999251352,0.4667017441824117,0.032149614624159106,1.6979235063125016,-0.759085016751329,-2.319518923414593,1.8015561860905418,-3.106881545251298,4.210781644833769,0.328636613482435,-0.9629659691714698,2.285967503016412,0.23787633692423382,-0.947349995114205,2.464197754803137,-0.976607359872947
numHidden 	5
numGenes 	48
minGene 	-3.0
maxGene 	3.0
popSize 	200
maxEvaluations 	20000
mutateRate 	0.25
mutateChange 	0.25
seed 	1586097188604
random 	java.util.Random@5e265ba4
neuralNetworkClass 	class coursework.ExampleEvolutionaryAlgorithm
Training Set Training
Fitness 0.006947805685865803