-1.9772991324719675,-1.3979719711679426,1.7483054140218646,0.1459530152851447,-2.4804913871754373,-2.708697782646924,-4.595790163055126,1.5951797202756999,-1.275900729521001,-1.3859660282980084,0.5846973455315778,0.9931146878382151,0.9695753509944045,3.6631772202852364,-1.5378552069330993,2.069298469156905,0.10581265095732029,-0.04412797782878819,-0.9553317339256724,3.3343515944005784,3.0018121085402907,3.575093682433706,-0.9557002060580837,-0.8555534906537596,2.7395853944230746,-0.5004762408366767,0.10915180001606206,0.5461360553327266,4.705323376695621,0.6940928687369201,0.7454385198843787,0.3362895661041003,1.445708311594946,1.5551285515734206,0.011077565612751528,-2.8628734166905287,0.25683549955391927,-1.4869747451044057,2.005959599958196,0.0890687526995455,0.26032439066383084,-0.2581617415965405,-1.6851704145190594,0.004367854584924835,2.1958037709972196,1.2591877721411375,0.6270842209897847,-1.4978009085202328
numHidden 	5
numGenes 	48
minGene 	-3.0
maxGene 	3.0
popSize 	200
maxEvaluations 	20000
mutateRate 	0.25
mutateChange 	0.25
seed 	1586095935116
random 	java.util.Random@5e265ba4
neuralNetworkClass 	class coursework.ExampleEvolutionaryAlgorithm
Training Set Training
Fitness 0.0188662213536736