0.32337974787080714,-3.0213418355782293,1.2774591767145598,-2.279934123203785,0.6823328710574046,4.358013784438521,2.2750574162225927,-0.8993851802682875,1.1934833049579954,-1.1224864359278275,-0.3190382592733334,1.511959789710093,-2.549950597147471,0.4359611778634136,1.4091353843418437,2.9051772149143336,2.018132119963739,3.2304291316945717,-0.5181633448215797,-1.0334580737359929,-1.4474765189310441,-1.2386475115265672,-4.269257978520955,-0.26356821526054786,-0.4470828782640739,-1.241472308378462,-0.5423448827035948,-4.227236717242649,-1.2051162401193958,-1.6451419855576184,-1.1579069791503014,-2.2565810670373043,3.0227075403653245,1.871799374060232,-1.7204730660874423,0.9629844797880232,-1.2685831225468873,-4.4449312371836935,-1.8319613625009348,1.207478447050954,-0.9569263718324059,-0.9887147711913082,-2.3173612153184697,-1.6033914008174461,-0.452377726244535,2.1958255450837303,2.035475801605454,-3.073543454693946
numHidden 	5
numGenes 	48
minGene 	-3.0
maxGene 	3.0
popSize 	200
maxEvaluations 	20000
mutateRate 	0.25
mutateChange 	0.25
seed 	1586094675314
random 	java.util.Random@5e265ba4
neuralNetworkClass 	class coursework.ExampleEvolutionaryAlgorithm
Training Set Training
Fitness 0.12603303322857345