1.7531570147228086,-0.628099703267547,-3.249633833871427,-1.4788648019253663,3.7378375321794994,0.6360137308760796,-2.6367671197677027,2.21530466360137,-2.755673530654274,1.4431131245391677,-0.8022716760268254,3.071526682870001,-2.1476134793924824,-1.2040653217725907,4.552652823222169,2.134359559779613,1.2634962610265563,-0.9104162182309707,-1.5595030719894858,0.765184998920321,0.12699151236213346,3.653092821168314,-1.5336683089962897,1.758999616133718,1.4135831883043517,3.799706819014661,-3.788191715245869,0.3287876983035929,0.645760980346,-0.7718816234815069,3.65154976019583,-0.0840870710247259,-0.5354853797703936,-1.291326867468522,-1.482108344154578,-1.4044916133006327,-2.630775268854576,0.51786614619509,4.106093583305369,-2.9061054102715698,3.5124985540227733,-2.698759354443723,4.2758248009977144,-0.6293984389607319,-2.5858518265553863,-0.8008971340961053,-3.8941092207348085,-1.9093820821939578
numHidden 	5
numGenes 	48
minGene 	-3.0
maxGene 	3.0
popSize 	200
maxEvaluations 	20000
mutateRate 	0.35
mutateChange 	0.25
seed 	1586099373685
random 	java.util.Random@5e265ba4
neuralNetworkClass 	class coursework.ExampleEvolutionaryAlgorithm
Training Set Training
Fitness 0.0320139786840494