3.0733328940024176,-1.3664392270504195,0.5080262933130912,1.468413012481891,-2.3916823019105355,-0.9529297047281418,2.2430961787354953,2.270517974008718,-1.8224664442197325,0.3873946378060964,-3.618771338565802,-0.5654720272252298,2.5752391048638152,2.1296552872142085,-4.08566496621105,0.6892705693301133,0.4445704336042229,4.683021709343748,0.2785101343788323,3.001587975729267,-1.492044485597832,-2.678826172716821,0.9123346968348662,1.577081520592012,1.4243588170667536,0.6124423770723482,0.20613728590641944,-0.23398069812952071,-0.589500094837355,0.34370701419679905,2.564319895039376,-0.7106116836356247,0.29249077597143547,-0.9916980918764366,0.5509053898307039,0.9949879178419465,3.1211307577861467,-2.5581449548253294,3.5240035601242505,1.585887973587436,0.13839538815857155,-1.358846514748006,-0.46205436901285957,4.433496111424488,2.2244541811318914,-0.3101964252255094,-1.8976191923051795,-1.3051034314388792
numHidden 	5
numGenes 	48
minGene 	-3.0
maxGene 	3.0
popSize 	200
maxEvaluations 	20000
mutateRate 	0.35
mutateChange 	0.25
seed 	1586099626263
random 	java.util.Random@5e265ba4
neuralNetworkClass 	class coursework.ExampleEvolutionaryAlgorithm
Training Set Training
Fitness 0.006251653968264782