-0.929885077603045,0.711340622459391,-0.016429483029654968,-0.3912190529260242,0.3491120538278212,-1.4508750656345488,0.4440901666209298,0.8295558631939097,0.7930855064720719,-2.814043649668607,-0.3604077246341679,0.029221639432312374,-1.1117827480972209,-0.9577037280218088,1.3132091693648498,-2.01511423105865,0.40775390404317435,0.5775207074129196,1.8955746723651834,-0.8855698126076117,-0.04358876404946099,0.5030892246967598,-0.02437108603467797,0.29617217002834906,-1.5075277282966606,-0.2009544891261028,1.149537791377708,0.11420209193884112,1.2773472115529907,1.665746307612591,-0.9968409065687309,1.0060208870409535,-2.295684201911718,-0.5022062448373443,-1.233309000249771,1.7754287959681765,-1.4773729476429756,1.734724270279816,1.2758410208918782,-0.2675541357951874,2.850083608184717,-1.9769143333420542,-0.21794352671886497,-0.6666286256230265,-1.1933088694438276,0.767111599512758,-0.8749378794912435,0.6179186793907203
numHidden 	5
numGenes 	48
minGene 	-1.0
maxGene 	1.0
popSize 	200
maxEvaluations 	20000
mutateRate 	0.35
mutateChange 	0.25
seed 	1586116003000
random 	java.util.Random@5e265ba4
neuralNetworkClass 	class coursework.ExampleEvolutionaryAlgorithm
Training Set Training
Fitness 0.012792755723140007